MkMagnettoSettings {rangeAcc = RA2, rangeGyro = RG125, cycleMag = CM200, frequencyAccAndGyro = FAG25, frequencyMag = FM600}
MkPortName {portName = "/dev/ttyUSB0"}
System Coordinate = Base (how as PNI)

Time         TimeStep MagX   MagY    MagZ   AccX   AccY   AccZ  GyroX  GyroY  GyroZ     Temp       Pitch   Roll  Azimuth
   0.1     0.0402800000  -37.7330000000  -13.1600000000    5.6400000000   -1.0050040000   -0.0167230000    0.0216060000    1.0910000000   -1.5190000000   -2.3580000000      25.0         88.4427570181  -37.7397981230   31.1972310871 
   0.2     0.0402790000  -37.7730000000  -13.1600000000    5.6660000000   -1.0050040000   -0.0177000000    0.0218500000    1.0990000000   -1.5490000000   -2.3510000000      25.4         88.3973051092  -39.0098475395   29.8062923315 
   0.2     0.0402800000  -37.7730000000  -13.1330000000    5.7200000000   -1.0052490000   -0.0173330000    0.0218500000    1.1060000000   -1.5490000000   -2.3660000000      25.1         88.4107690326  -38.4239941174   30.1559600833 
   0.2     0.0402790000  -37.6260000000  -13.2000000000    5.7330000000   -1.0053710000   -0.0168450000    0.0218500000    1.0990000000   -1.5340000000   -2.3510000000      25.0         88.4280816283  -37.6300029513   31.0218092935 
   0.3     0.0402800000  -37.7060000000  -13.1860000000    5.7060000000   -1.0051260000   -0.0173330000    0.0220940000    1.0830000000   -1.5410000000   -2.3350000000      25.2         88.3996630999  -38.1145967448   30.6361676168 
   0.3     0.0402800000  -37.7330000000  -13.2000000000    5.6530000000   -1.0046380000   -0.0168450000    0.0214840000    1.0910000000   -1.5260000000   -2.3510000000      25.1         88.4434020007  -38.0989961944   30.8231634969 
   0.4     0.0402790000  -37.7730000000  -13.1860000000    5.6530000000   -1.0052490000   -0.0170890000    0.0219720000    1.0830000000   -1.5260000000   -2.3350000000      25.1         88.4138889609  -37.8744420536   31.0865318775 
   0.4     0.0402800000  -37.7860000000  -13.2000000000    5.6930000000   -1.0047600000   -0.0168450000    0.0219720000    1.0830000000   -1.5340000000   -2.3430000000      25.1         88.4216149604  -37.4758510917   31.3636554655 
   0.4     0.0402790000  -37.5730000000  -13.1600000000    5.7330000000   -1.0050040000   -0.0169670000    0.0214840000    1.0990000000   -1.5260000000   -2.3430000000      25.2         88.4396706208  -38.2999329421   30.2259141535 
   0.5     0.0402800000  -37.6400000000  -13.2130000000    5.7460000000   -1.0047600000   -0.0170890000    0.0218500000    1.0990000000   -1.5110000000   -2.3350000000      25.3         88.4185990028  -38.0291498009   30.5795042682 
   0.5     0.0402800000  -37.6800000000  -13.1600000000    5.7200000000   -1.0047600000   -0.0168450000    0.0212400000    1.0830000000   -1.5340000000   -2.3430000000      25.1         88.4545085864  -38.4171988160   30.1376141973 
   0.6     0.0402800000  -37.7600000000  -13.1460000000    5.6530000000   -1.0046380000   -0.0173330000    0.0222160000    1.0910000000   -1.5570000000   -2.3580000000      25.2         88.3934104456  -37.9614778755   30.9613938104 
   0.6     0.0402800000  -37.6800000000  -13.1460000000    5.7600000000   -1.0050040000   -0.0170890000    0.0219720000    1.0910000000   -1.5260000000   -2.3660000000      25.2         88.4135024961  -37.8744420536   30.5945321365 
   0.6     0.0402790000  -37.6000000000  -13.1460000000    5.7200000000   -1.0047600000   -0.0169670000    0.0218500000    1.0990000000   -1.5260000000   -2.3280000000      25.1         88.4228721634  -37.8301161744   30.7822064662 
   0.7     0.0402800000  -37.5600000000  -13.1730000000    5.7330000000   -1.0052490000   -0.0172110000    0.0219720000    1.0990000000   -1.5260000000   -2.3430000000      25.2         88.4096137415  -38.0721354492   30.5311221819 
   0.7     0.0402800000  -37.6130000000  -13.2000000000    5.7330000000   -1.0050040000   -0.0173330000    0.0218500000    1.0760000000   -1.5410000000   -2.3580000000      25.3         88.4103818084  -38.4239941174   30.1996528224 
   0.8     0.0402790000  -37.7060000000  -13.1730000000    5.7330000000   -1.0051260000   -0.0169670000    0.0217280000    1.0830000000   -1.5260000000   -2.3580000000      25.1         88.4289290728  -37.9856300760   30.6043996516 
   0.8     0.0402800000  -37.7460000000  -13.1460000000    5.8000000000   -1.0052490000   -0.0170890000    0.0223380000    1.0990000000   -1.5190000000   -2.3660000000      25.2         88.3973839813  -37.4166843664   30.9519414059 
   0.8     0.0402790000  -37.7200000000  -13.1330000000    5.7460000000   -1.0050040000   -0.0173330000    0.0214840000    1.0990000000   -1.5260000000   -2.3280000000      25.1         88.4266629654  -38.8961189404   29.5230447379 
   0.9     0.0402800000  -37.6400000000  -13.1600000000    5.7600000000   -1.0048820000   -0.0166010000    0.0213620000    1.1060000000   -1.5260000000   -2.3350000000      25.2         88.4578134137  -37.8517655484   30.5746039182 
   0.9     0.0402800000  -37.5730000000  -13.1730000000    5.7330000000   -1.0046380000   -0.0167230000    0.0218500000    1.1060000000   -1.5190000000   -2.3350000000      25.5         88.4311706101  -37.4288062460   31.1867174598 
   1.0     0.0402800000  -37.6130000000  -13.2000000000    5.7460000000   -1.0048820000   -0.0177000000    0.0219720000    1.1060000000   -1.5260000000   -2.3350000000      25.4         88.3917037491  -38.8539014841   29.7154364386 
   1.0     0.0402800000  -37.7600000000  -13.1330000000    5.8130000000   -1.0053710000   -0.0172110000    0.0217280000    1.0910000000   -1.5490000000   -2.3510000000      25.1         88.4207218887  -38.3831517587   29.8157310292 
   1.0     0.0402790000  -37.7060000000  -13.1200000000    5.7860000000   -1.0050040000   -0.0168450000    0.0218500000    1.0990000000   -1.5340000000   -2.3510000000      25.4         88.4275078948  -37.6300029513   30.6927574561 
   1.1     0.0402800000  -37.6930000000  -13.1200000000    5.7600000000   -1.0051260000   -0.0167230000    0.0209960000    1.0910000000   -1.5410000000   -2.3430000000      25.1         88.4702758615  -38.5367974661   29.7675883250 
   1.1     0.0402790000  -37.6400000000  -13.1730000000    5.7460000000   -1.0052490000   -0.0173330000    0.0216060000    1.0990000000   -1.5340000000   -2.3580000000      25.2         88.4216324101  -38.7376618776   29.7571934022 
   1.2     0.0402790000  -37.5600000000  -13.2000000000    5.7060000000   -1.0047600000   -0.0170890000    0.0214840000    1.0830000000   -1.5340000000   -2.3510000000      25.2         88.4349738074  -38.4997627725   30.1878126103 
   1.2     0.0402800000  -37.7860000000  -13.1330000000    5.8400000000   -1.0048820000   -0.0172110000    0.0217280000    1.0990000000   -1.5190000000   -2.3580000000      25.3         88.4199537631  -38.3831517587   29.7115913666 
   1.2     0.0402790000  -37.7600000000  -13.1460000000    5.8260000000   -1.0052490000   -0.0173330000    0.0217280000    1.0990000000   -1.5260000000   -2.3510000000      25.2         88.4162066374  -38.5802898554   29.5808094352 
   1.3     0.0402800000  -37.7330000000  -13.1200000000    5.7860000000   -1.0048820000   -0.0169670000    0.0214840000    1.0830000000   -1.5190000000   -2.3580000000      25.2         88.4394812791  -38.2999329421   29.9627760827 
   1.3     0.0402790000  -37.6930000000  -13.1600000000    5.7600000000   -1.0050040000   -0.0172110000    0.0218500000    1.0830000000   -1.5410000000   -2.3580000000      25.1         88.4146916756  -38.2271077791   30.2391768468 
   1.4     0.0402800000  -37.8400000000  -13.1460000000    5.7730000000   -1.0048820000   -0.0169670000    0.0217280000    1.0990000000   -1.5260000000   -2.3740000000      25.2         88.4285477851  -37.9856300760   30.4122924857 
   1.4     0.0402790000  -37.8130000000  -13.1060000000    5.8000000000   -1.0047600000   -0.0173330000    0.0216060000    1.0910000000   -1.5340000000   -2.3580000000      25.1         88.4208646337  -38.7376618776   29.4488083337 
   1.4     0.0402800000  -37.7330000000  -13.1200000000    5.8530000000   -1.0043940000   -0.0172110000    0.0213620000    1.0830000000   -1.5490000000   -2.3660000000      25.2         88.4354866470  -38.8578020358   29.1083036517 
   1.5     0.0402800000  -37.7600000000  -13.1330000000    5.8260000000   -1.0050040000   -0.0167230000    0.0212400000    1.0910000000   -1.5110000000   -2.3350000000      25.2         88.4591927589  -38.2146041286   29.8899281375 
   1.5     0.0402800000  -37.7200000000  -13.1200000000    5.7730000000   -1.0046380000   -0.0173330000    0.0218500000    1.1060000000   -1.5410000000   -2.3660000000      25.2         88.4098029914  -38.4239941174   29.9231673924 
   1.6     0.0402800000  -37.9330000000  -13.0930000000    5.7600000000   -1.0048820000   -0.0167230000    0.0213620000    1.0990000000   -1.5190000000   -2.3280000000      25.3         88.4535383470  -38.0552138005   30.2757545558 
   1.6     0.0402790000  -37.8800000000  -13.1060000000    5.7730000000   -1.0054930000   -0.0173330000    0.0214840000    1.0760000000   -1.5410000000   -2.3510000000      25.1         88.4274277399  -38.8961189404   29.3814331341 
   1.7     0.0402800000  -37.8000000000  -13.0660000000    5.8130000000   -1.0047600000   -0.0175780000    0.0218500000    1.0680000000   -1.5190000000   -2.2670000000      25.4         88.4012826517  -38.8161601675   29.2761563524 
   1.7     0.0402790000  -37.7600000000  -13.1200000000    5.8400000000   -1.0045160000   -0.0168450000    0.0214840000    1.0990000000   -1.5260000000   -2.3350000000      25.2         88.4432130425  -38.0989961944   29.9597966855 
   1.7     0.0402800000  -37.7460000000  -13.0800000000    5.8260000000   -1.0063470000   -0.0168450000    0.0216060000    1.0990000000   -1.5190000000   -2.2740000000      25.2         88.4405761769  -37.9415663101   30.1222203837 
   1.8     0.0402800000  -37.9600000000  -13.1060000000    5.7600000000   -1.0036620000   -0.0169670000    0.0213620000    1.1140000000   -1.5260000000   -2.2820000000      25.2         88.4430409491  -38.4587401822   29.8824831342 
   1.8     0.0402800000  -37.9330000000  -13.1200000000    5.7460000000   -1.0051260000   -0.0172110000    0.0216060000    1.0830000000   -1.5490000000   -2.3200000000      25.4         88.4257785055  -38.5402762032   29.8961100891 
   1.9     0.0402800000  -37.8530000000  -13.1200000000    5.8130000000   -1.0047600000   -0.0168450000    0.0218500000    1.0990000000   -1.5640000000   -2.3350000000      25.2         88.4271262162  -37.6300029513   30.5951565787 
   1.9     0.0402790000  -37.8000000000  -13.0930000000    5.8000000000   -1.0050040000   -0.0170890000    0.0212400000    1.0910000000   -1.5340000000   -2.3660000000      25.4         88.4462079715  -38.8190029054   29.3052192133 
   1.9     0.0402800000  -37.7600000000  -13.1060000000    5.8400000000   -1.0051260000   -0.0170890000    0.0216060000    1.0910000000   -1.5340000000   -2.3660000000      25.2         88.4300988934  -38.3418012005   29.6969765076 
   2.0     0.0402800000  -37.8930000000  -13.1060000000    5.7600000000   -1.0047600000   -0.0170890000    0.0212400000    1.1060000000   -1.5340000000   -2.3430000000      25.3         88.4458308274  -38.8190029054   29.4903201254 
   2.0     0.0402800000  -37.9860000000  -13.0660000000    5.7200000000   -1.0050040000   -0.0172110000    0.0220940000    1.1060000000   -1.5190000000   -2.3430000000      25.2         88.4037492735  -37.9182260115   30.6141780198 
   2.1     0.0402790000  -37.9460000000  -13.1060000000    5.7460000000   -1.0051260000   -0.0169670000    0.0214840000    1.0910000000   -1.5570000000   -2.3350000000      25.1         88.4398599166  -38.2999329421   30.1112585497 
   2.1     0.0402800000  -37.8660000000  -13.1200000000    5.7600000000   -1.0048820000   -0.0168450000    0.0219720000    1.0990000000   -1.5490000000   -2.3350000000      25.3         88.4218064910  -37.4758510917   30.9782201899 
   2.1     0.0402800000  -37.8000000000  -13.2000000000    5.6930000000   -1.0047600000   -0.0174560000    0.0214840000    1.0830000000   -1.5490000000   -2.3430000000      25.2         88.4218708215  -39.0942604884   29.6375748672 
   2.2     0.0402800000  -37.8260000000  -13.1330000000    5.7200000000   -1.0050040000   -0.0172110000    0.0219720000    1.0830000000   -1.5410000000   -2.3580000000      25.1         88.4092262361  -38.0721354492   30.5370445428 
   2.2     0.0402800000  -37.8930000000  -13.1600000000    5.7330000000   -1.0048820000   -0.0172110000    0.0216060000    1.0910000000   -1.5260000000   -2.3430000000      25.3         88.4253964540  -38.5402762032   30.0085496836 
   2.3     0.0402790000  -37.9460000000  -13.1200000000    5.7330000000   -1.0052490000   -0.0167230000    0.0213620000    1.0910000000   -1.5340000000   -2.3430000000      25.2         88.4541026609  -38.0552138005   30.4253686339 
   2.3     0.0402800000  -37.9460000000  -13.1060000000    5.7460000000   -1.0047600000   -0.0170890000    0.0216060000    1.1060000000   -1.5490000000   -2.3350000000      25.2         88.4295273180  -38.3418012005   30.0813799781 
   2.3     0.0402790000  -37.7860000000  -13.1860000000    5.6530000000   -1.0052490000   -0.0173330000    0.0216060000    1.0910000000   -1.5410000000   -2.3510000000      25.0         88.4216324101  -38.7376618776   30.1550443722 
   2.4     0.0402800000  -37.7860000000  -13.1860000000    5.6930000000   -1.0052490000   -0.0172110000    0.0214840000    1.0830000000   -1.5260000000   -2.3510000000      25.5         88.4313998486  -38.6984899856   30.0240264065 
   2.4     0.0402790000  -37.7860000000  -13.1330000000    5.7060000000   -1.0048820000   -0.0170890000    0.0218500000    1.0990000000   -1.5490000000   -2.3580000000      25.2         88.4187908989  -38.0291498009   30.6223861641 
   2.5     0.0402800000  -37.8800000000  -13.1330000000    5.7200000000   -1.0047600000   -0.0164790000    0.0213620000    1.0830000000   -1.5260000000   -2.3350000000      25.0         88.4618823053  -37.6471882565   30.9168841621 
   2.5     0.0402800000  -37.9060000000  -13.1060000000    5.7460000000   -1.0048820000   -0.0174560000    0.0219720000    1.1060000000   -1.5110000000   -2.3200000000      25.1         88.4003879248  -38.4659362288   29.9881088574 
   2.5     0.0402800000  -37.7460000000  -13.1860000000    5.5600000000   -1.0051260000   -0.0714110000    0.0441890000   -6.3890000000   -1.4120000000   -2.0610000000      25.2         85.2240814303  -58.2508515025   11.4162841561 
   2.6     0.0402800000  -37.7600000000  -13.2130000000    5.4260000000   -1.0053710000    0.0462640000   -0.0106200000  -14.2590000000   -1.9460000000   -1.9770000000      25.3         87.2968622304  -77.0716093596  349.2595107259 
   2.6     0.0402800000  -37.8130000000  -13.1600000000    5.6000000000   -1.0052490000   -0.0213620000    0.0274650000   18.7860000000   -0.8620000000   -3.0220000000      25.2         88.0176197540  -37.8754169234   31.8558801829 
   2.7     0.0402800000  -37.8130000000  -13.0530000000    5.7200000000   -1.0198970000    0.0123290000    0.0183100000    3.5720000000   -3.2900000000    6.8470000000      25.2         88.7601217219   33.9542706978  103.4887012204 
   2.7     0.0402790000  -38.1460000000  -12.1060000000    6.5600000000   -1.0654290000    0.0262450000    0.1071770000    9.4190000000  -59.1370000000   37.7700000000      25.4         84.0871120247   13.7595602740   91.9603761063 
   2.7     0.0402800000  -37.3600000000  -10.5060000000   12.1460000000   -1.0142820000    0.0115960000    0.1274410000   41.2670000000 -125.0610000000   46.5870000000      25.4         82.8092375999    5.1990905715   61.1131300312 
   2.8     0.0402790000  -35.9730000000   -8.9200000000   17.1600000000   -0.9300530000    0.0460200000    0.3018790000   45.1290000000 -125.0610000000   43.8320000000      25.2         71.8233113755    8.6677321400   72.3956750063 
   2.8     0.0402800000  -32.4390000000   -7.6130000000   24.0400000000   -0.9182120000    0.1009520000    0.4807120000   60.2360000000 -125.0610000000   19.0000000000      25.5         61.8554293254   11.8600622255   71.8420538959 
   2.9     0.0402790000  -27.1200000000   -6.8260000000   29.8130000000   -0.8549800000    0.1169430000    0.4912100000    1.8930000000 -125.0610000000   22.8930000000      25.2         59.4345295644   13.3911994147   54.0579478484 
   2.9     0.0402800000  -22.9200000000  -10.1600000000   31.8400000000   -0.6082760000    0.1921380000    0.7385250000  -92.1600000000 -121.7860000000  -86.7860000000      25.4         38.5584123438   14.5830451213   90.9963981469 
   2.9     0.0402790000  -19.6000000000  -10.2260000000   33.8400000000   -0.7396240000   -0.0849600000    0.8258050000   11.3740000000 -125.0610000000  -27.2900000000      25.2         41.6990360361   -5.8740053085   38.4333970845 
   3.0     0.0402800000  -16.4000000000  -11.6130000000   34.6660000000   -0.5855710000    0.0729980000    0.8334960000  -23.0070000000 -106.7630000000  -65.5800000000      25.4         34.9869852233    5.0052220748   68.3785893060 
   3.0     0.0402790000  -13.7200000000  -12.1060000000   35.3860000000   -0.4465330000   -0.0354000000    0.9129630000  -12.2510000000 -112.7170000000  -36.0760000000      25.3         26.0464154356   -2.2205226463   72.3842909987 
   3.1     0.0402800000  -10.1060000000  -13.6260000000   35.7200000000   -0.4053950000   -0.0592040000    0.8150630000  -52.0610000000 -125.0610000000  -46.5030000000      25.2         26.3847115831   -4.1545160285   56.7352481945 
   3.1     0.0402800000   -6.6800000000  -14.7060000000   36.0260000000   -0.3376460000   -0.0424800000    0.9676510000  -22.1060000000 -107.0830000000  -23.8770000000      25.3         19.2184477483   -2.5136779159   66.3139831890 
   3.1     0.0402800000   -3.6800000000  -15.3060000000   35.9730000000   -0.2384030000   -0.0988760000    0.9160150000  -17.3430000000 -107.6790000000  -36.9690000000      25.4         14.5075377390   -6.1607372158   62.9136537657 
   3.2     0.0402800000   -1.2800000000  -15.8400000000   35.7060000000   -0.1182860000   -0.0640860000    0.9682610000  -19.6790000000  -79.7930000000  -32.9840000000      25.3          6.9498760449   -3.7866955622   76.7476117149 
   3.2     0.0402800000    0.8930000000  -16.4660000000   35.2260000000   -0.2275390000   -0.1561270000    1.0213620000  -21.6940000000  -91.7320000000  -13.1370000000      25.3         12.4195452824   -8.6910460227   50.9185633591 
   3.3     0.0402800000    2.2660000000  -16.8930000000   34.7600000000   -0.1003410000   -0.1359860000    0.9980460000  -22.3120000000  -37.9230000000  -20.6790000000      25.3          5.6888666457   -7.7588997245   63.9232776301 
   3.3     0.0402800000    4.0000000000  -17.6400000000   34.3330000000    0.0028070000   -0.1614990000    0.9912100000  -26.3050000000  -56.9840000000  -19.7020000000      25.2         -0.1601433512   -9.2539529753   71.8507346569 
   3.3     0.0402800000    4.6400000000  -18.1460000000   33.9060000000   -0.0493160000   -0.1588130000    0.9791250000  -21.5030000000  -17.7780000000  -16.6480000000      25.2          2.8462688745   -9.2130776342   62.7096507004 
   3.4     0.0402800000    4.6930000000  -18.2660000000   33.8530000000   -0.0438230000   -0.1699210000    0.9787590000   -2.7250000000    1.2820000000   -5.2210000000      25.2          2.5259187061   -9.8488759967   62.7148936289 
   3.4     0.0402800000    4.5060000000  -18.3600000000   33.8530000000   -0.0093990000   -0.1842040000    0.9417720000   -1.5870000000   17.1750000000   -4.3890000000      25.2          0.5611671846  -11.0669364928   67.1028257577 
   3.5     0.0402800000    2.5330000000  -18.2800000000   34.4000000000   -0.0535880000   -0.1640620000    0.9825430000    0.2740000000   85.9310000000    0.2740000000      25.2          3.0792767215   -9.4796168843   69.9455998518 
   3.5     0.0402790000   -0.4530000000  -18.1860000000   34.6400000000   -0.2407220000   -0.1519770000    1.0051260000    4.1980000000  120.6330000000   13.3660000000      25.4         13.3223963090   -8.5981043402   57.7496922348 
   3.5     0.0402790000   -4.0800000000  -18.4130000000   34.4000000000   -0.1740720000   -0.2257080000    0.9312740000  -18.1750000000  125.0640000000   32.5410000000      25.1         10.2960111865  -13.6237759272   74.3874733929 
   3.6     0.0402800000   -9.2000000000  -19.0660000000   33.2260000000   -0.3070060000   -0.2203360000    0.9152830000  -30.8240000000  125.0640000000   36.1060000000      25.2         18.0614551803  -13.5352701491   76.1545792562 
   3.6     0.0402790000  -11.5730000000  -19.4800000000   32.5060000000   -0.3842770000   -0.3330070000    0.8869620000   -6.5950000000   93.0910000000  -93.9920000000      25.1         22.0777581810  -20.5784830160   64.2367924096 
   3.7     0.0402800000   -9.1200000000  -22.7200000000   31.0800000000   -0.5378410000   -0.3331290000    0.8554680000  -69.0530000000   86.2740000000 -125.0610000000      25.1         30.3641980715  -21.2765062577   42.1282880749 
   3.7     0.0402790000  -11.2530000000  -22.5060000000   30.5060000000   -0.6292720000   -0.2144770000    0.7130120000   20.5260000000  125.0640000000    2.5570000000      25.3         40.2027125071  -16.7415072796   41.4625730956 
   3.7     0.0402800000  -16.5200000000  -21.6530000000   28.8260000000   -0.6376950000   -0.3410640000    0.8519280000   10.9080000000  125.0640000000   58.5720000000      25.2         34.7958898825  -21.8183833748   56.1460154840 
   3.8     0.0402790000  -19.6400000000  -19.9730000000   28.1730000000   -0.6057120000   -0.2863760000    0.6307370000   69.3200000000  125.0640000000   37.0910000000      25.3         41.1669480321  -24.4196605122   40.9467388353 
   3.8     0.0402800000  -23.2660000000  -18.6530000000   26.5460000000   -0.6019280000   -0.3186030000    0.6170650000   49.4800000000  125.0640000000    3.5800000000      25.1         40.9172652556  -27.3082115143   51.6873275777 
   3.9     0.0402790000  -26.3330000000  -18.7060000000   23.6000000000   -1.0166010000   -0.1903070000    0.4090570000   21.4880000000  125.0640000000  -26.3810000000      25.1         66.0687562714  -24.9494244660   23.5296890662 
   3.9     0.0402800000  -27.8400000000  -18.0660000000   22.7860000000   -0.8643790000   -0.2525630000    0.4971920000   26.4960000000   54.7480000000    8.8470000000      25.4         57.1715018160  -26.9296044261   33.1722399828 
   3.9     0.0402790000  -29.0930000000  -17.6000000000   21.3460000000   -0.7247310000   -0.2524410000    0.3289790000   19.5490000000   87.7320000000    1.9610000000      25.3         60.2228908104  -37.5007163369    5.7880663815 
   4.0     0.0402800000  -29.7200000000  -18.1460000000   20.0400000000   -0.9547110000   -0.1708980000    0.2963860000   18.3510000000   85.8160000000  -14.9840000000      25.2         70.2845309822  -29.9680149266   21.0312959786 
   4.0     0.0402790000  -30.8800000000  -17.3200000000   19.2800000000   -1.0075680000   -0.3095700000    0.3546140000   -9.0150000000   13.0220000000   22.7700000000      25.2         64.9583900017  -41.1202238313    2.0270850422 
   4.1     0.0402800000  -31.0930000000  -17.1060000000   19.2260000000   -0.9238280000   -0.2020260000    0.2697750000    8.5190000000   13.0220000000    3.3050000000      25.2         69.9567587672  -36.8283838505    9.1670129707 
   4.1     0.0402790000  -32.5330000000  -16.2530000000   17.4130000000   -0.9318840000   -0.1695550000    0.2271720000    4.2590000000   92.9160000000   40.9080000000      25.4         73.0806749715  -36.7366587499   11.1969374572 
   4.1     0.0402800000  -33.7060000000  -14.6400000000   16.8800000000   -0.9498290000   -0.1475830000    0.2526850000    8.3740000000   20.6560000000   80.2290000000      25.4         72.8767887669  -30.2874577444   20.4660270495 
   4.2     0.0402790000  -35.4000000000  -10.8000000000   16.3460000000   -0.9685050000   -0.1455070000    0.2243650000   12.3200000000   30.6250000000  125.0640000000      25.2         74.5644600685  -32.9645408659    1.0116809239 
   4.2     0.0402800000  -36.2260000000   -9.7200000000   15.7200000000   -0.9991450000   -0.1162100000    0.0594480000   59.8700000000   32.1140000000   -4.6710000000      25.3         82.5567737202  -62.9076826635  318.9471303648 
   4.3     0.0402790000  -37.4130000000  -10.0260000000   11.9330000000   -0.9904780000   -0.0039060000    0.1186520000   -9.4650000000  125.0640000000   -6.2970000000      25.2         83.1652721579   -1.8854846380   51.2872921648 
   4.3     0.0402800000  -37.7730000000   -9.5460000000   11.4130000000   -1.0468750000   -0.0146480000    0.1059570000   96.0220000000   36.6560000000   -5.1670000000      25.1         84.1660350848   -7.8709520897   42.1901666946 
   4.4     0.0402790000  -37.7330000000   -8.8530000000   12.0660000000   -0.9998770000   -0.0526120000   -0.0128170000  111.0150000000    0.2510000000   -8.5720000000      25.4         86.9000402922   76.3086587672  119.3725521302 
   4.4     0.0402800000  -37.8000000000   -7.8260000000   12.6260000000   -1.0578610000    0.1341550000    0.0793450000   85.2510000000   -1.2130000000   30.4420000000      25.0         81.6184779468   59.3981160281  111.3828317709 
   4.4     0.0402790000  -38.6530000000   -3.4000000000   12.5060000000   -1.0687250000    0.2095940000   -0.0205070000   21.5340000000    3.0610000000  125.0640000000      25.2         78.8525485230  -84.4118789640  256.2789717767 
   4.5     0.0402800000  -38.7730000000    2.5460000000   12.5730000000   -0.9814450000    0.1403800000    0.0128170000   61.7550000000   -8.0610000000  125.0640000000      25.3         81.8265665650   84.7832341601   98.6568786312 
   4.5     0.0402790000  -38.2260000000    7.7600000000   11.8000000000   -0.9691160000    0.3198240000    0.0256340000   77.9540000000   16.0070000000  125.0640000000      25.3         71.6816069471   85.4175201896  108.7215804878 
   4.6     0.0402800000  -37.0800000000   13.0400000000   10.2260000000   -0.9383540000    0.4989010000   -0.1019280000   98.2820000000   33.3890000000  125.0640000000      25.2         61.5131063861  -78.4530901545  204.9739407391 
   4.6     0.0402790000  -35.0130000000   18.7060000000    7.4660000000   -0.8162840000    0.5374750000   -0.0894770000  118.4800000000   57.0990000000  125.0640000000      25.2         56.2767713681  -80.5482749094  197.1754852536 
   4.6     0.0402800000  -32.0930000000   23.8000000000    3.4530000000   -0.7358390000    0.6499020000   -0.1697990000  125.0640000000   44.0300000000  125.0640000000      25.3         47.6083194791  -75.3577206656  193.8336316867 
   4.7     0.0402790000  -28.5730000000   27.7600000000   -1.2930000000   -0.6132810000    0.6994620000   -0.2590330000  125.0640000000   30.3120000000  125.0640000000      25.3         39.4276813693  -69.6788080858  192.2280904356 
   4.7     0.0402800000  -26.2260000000   29.6400000000   -2.8800000000   -0.4921870000    0.6982420000   -0.3402090000   92.2130000000  -39.8770000000   94.8240000000      25.2         32.3615707382  -64.0229653115  195.6541953927 
   4.8     0.0402800000  -25.2930000000   30.2800000000   -3.8260000000   -0.5323480000    0.7689200000   -0.4512930000   60.8770000000  -15.7020000000   42.8930000000      25.3         30.8409256974  -59.5905597059  198.4278507540 
   4.8     0.0402790000  -24.2130000000   30.8660000000   -5.0530000000   -0.5013420000    0.7663570000   -0.4367670000   49.2210000000    3.2590000000   42.7170000000      25.2         29.6122627965  -60.3200476406  197.0419080684 
   4.8     0.0402810000  -23.1330000000   31.1600000000   -6.3460000000   -0.4727780000    0.7369380000   -0.4283440000   61.5260000000   -6.6180000000   41.6030000000      25.5         29.0151447137  -59.8327748534  196.2746764883 
   4.9     0.0402800000  -22.5060000000   31.2400000000   -7.3600000000   -0.4359130000    0.7315670000   -0.5122070000   45.7170000000   -5.9160000000   20.1600000000      25.2         26.0176827150  -55.0021929962  199.6457961517 
   4.9     0.0402800000  -22.3730000000   31.3600000000   -7.3060000000   -0.4306640000    0.7144770000   -0.4754630000   -3.7550000000   -4.2900000000    2.7480000000      25.5         26.6479748339  -56.3574265546  198.6157787413 
   5.0     0.0402800000  -22.4130000000   31.4400000000   -7.0260000000   -0.4515380000    0.7227780000   -0.5048820000  -11.7550000000    0.3200000000   -7.4270000000      25.3         27.1191974948  -55.0645517544  200.0597795868 
   5.0     0.0402800000  -22.6800000000   31.2530000000   -6.6260000000   -0.4484860000    0.7623290000   -0.4877920000  -18.0680000000    5.7780000000  -13.7090000000      25.2         26.3605324626  -57.3860123858  198.5341733497 
   5.0     0.0402800000  -22.8530000000   31.2930000000   -5.7060000000   -0.4495840000    0.7519530000   -0.4654540000  -41.2360000000   -1.7630000000  -12.5800000000      25.4         26.9476916597  -58.2427627539  198.9747700661 
   5.1     0.0402800000  -24.3060000000   30.7200000000   -2.4930000000   -0.4403070000    0.7611080000   -0.3669430000 -108.1220000000  -71.1220000000  -73.1750000000      25.3         27.5243402380  -64.2605001783  197.6635607327 
   5.1     0.0402800000  -26.4530000000   28.9060000000    4.8130000000   -0.5562740000    0.7877190000   -0.2257080000 -125.0610000000 -125.0610000000 -125.0610000000      25.5         34.1712111745  -74.0112105033  198.9096503257 
   5.2     0.0402800000  -28.7860000000   21.7460000000   17.6930000000   -0.8238520000    0.8129880000   -0.1351310000 -125.0610000000 -125.0610000000 -125.0610000000      25.2         44.9899209674  -80.5628451196  212.1262269131 
   5.2     0.0402800000  -27.1860000000   17.6260000000   23.6000000000   -0.7742910000    0.6690670000    0.2227780000 -125.0610000000  -90.5950000000   38.3740000000      25.3         47.6744785203   71.5838844508   91.4615451404 
   5.2     0.0402800000  -25.8260000000   17.5860000000   24.6400000000   -0.7736810000    0.5070800000    0.2818600000   20.9000000000  -64.0610000000   13.7930000000      25.1         53.1353042765   60.9325420442   63.8415866894 
   5.3     0.0402790000  -24.3200000000   19.4530000000   24.7600000000   -0.6214590000    0.6485590000    0.3411860000   61.3430000000  -68.7480000000   28.4960000000      25.2         40.2988987343   62.2525875639   89.8114202340 
   5.3     0.0402800000  -23.3860000000   19.8660000000   25.3330000000   -0.3417960000    0.5241690000    0.4318840000    2.0760000000  -51.1900000000   -4.1670000000      25.2         26.7139496325   50.5135123622  134.3178713680 
   5.4     0.0402790000  -22.4130000000   18.6400000000   27.3200000000   -0.7325430000    0.7055660000    0.2731930000 -101.4730000000  -44.7170000000   24.1980000000      25.4         44.0741152186   68.8337489009   81.3546106485 
   5.4     0.0402800000  -21.9730000000   16.1060000000   29.1600000000   -0.6463620000    0.5495600000    0.4479980000 -125.0610000000    7.3120000000   33.0070000000      25.4         42.3528994411   50.8132884514   69.7471841164 
   5.4     0.0402790000  -21.0930000000   13.3460000000   31.3600000000   -0.5631100000    0.6910400000    0.5898430000 -125.0610000000  -48.4730000000   17.3050000000      25.4         31.7903988373   49.5173073147   96.9645620632 
   5.5     0.0402800000  -20.4130000000   11.3330000000   32.5200000000   -0.6877440000    0.6130370000    0.6375730000  -87.7400000000  -19.6790000000   -0.2970000000      25.2         37.8673637761   43.8760453572   77.8407171100 
   5.5     0.0402800000  -21.1330000000    9.9860000000   32.5860000000   -0.4582510000    0.4503170000    0.5971670000  -67.0990000000   47.3350000000   -4.6410000000      25.2         31.4956080468   37.0195403250   96.3015682301 
   5.6     0.0402800000  -20.9200000000    7.3200000000   33.9060000000   -0.5415030000    0.4370110000    0.8048090000  -98.9690000000  -53.1670000000   -7.4800000000      25.5         30.5952853708   28.5019445038   96.2308805534 
   5.6     0.0402800000  -17.4530000000    5.9600000000   35.8260000000   -0.6303710000    0.5056150000    0.6181640000  -43.2130000000 -125.0610000000  -21.6870000000      25.2         38.2853776345   39.2807698449   72.1458097124 
   5.6     0.0402800000  -14.4660000000    4.4400000000   37.1600000000   -0.3645010000    0.4361570000    0.8074950000  -70.2740000000 -125.0610000000   18.7020000000      25.2         21.6612087968   28.3750723985   92.4860285486 
   5.7     0.0402800000   -8.4660000000    3.3330000000   38.6400000000   -0.2655020000    0.4802240000    0.7889400000  -76.1370000000 -125.0610000000  125.0640000000      25.2         16.0380127016   31.3286744364   85.1567978193 
   5.7     0.0402800000   -1.9460000000    3.0800000000   39.0660000000   -0.2427970000    0.4095450000    0.9488520000  -15.6940000000 -125.0610000000  125.0640000000      25.4         13.2210325925   23.3460700935   62.4964219614 
   5.8     0.0402800000   -0.1730000000    1.3330000000   39.3460000000   -0.0430900000    0.4323730000    0.9035640000  -66.0450000000   -8.2970000000  125.0640000000      25.4          2.4632016331   25.5720242174   85.0123268361 
   5.8     0.0402800000   -1.7460000000   -1.5460000000   39.4660000000   -0.0631100000    0.3031000000    0.9874260000 -100.2590000000   49.3050000000  125.0640000000      25.4          3.4964193918   17.0643766445   87.6737431399 
   5.8     0.0402800000   -2.2130000000   -3.4130000000   39.3730000000   -0.0169670000    0.2178950000    0.9516600000  -75.6250000000   12.0450000000   90.2670000000      25.4          0.9956501611   12.8963252840   97.3330123950 
   5.9     0.0402790000   -2.7460000000   -5.6660000000   39.0800000000   -0.0439450000    0.2416990000    1.0070800000  -81.7930000000   10.2210000000   62.4350000000      25.3          2.4296683515   13.4957225219   94.6448740228 
   5.9     0.0402800000   -2.6800000000   -6.8930000000   38.7860000000    0.0025630000    0.0914300000    1.0114740000  -44.9690000000   -5.7630000000   21.4350000000      25.6         -0.1445934173    5.1650905789  105.0042657618 
   6.0     0.0402790000   -2.9200000000   -8.2530000000   38.7600000000   -0.0577390000    0.2332760000    0.9970700000  -40.4270000000    1.6560000000   19.9540000000      25.3          3.2272626923   13.1681508998   93.0427838207 
   6.0     0.0402800000   -3.3200000000   -9.2800000000   38.5060000000    0.0604240000    0.0290520000    0.9770500000  -46.1750000000    3.2900000000   44.9380000000      25.4         -3.5372939282    1.7031540681  118.5576051269 
   6.0     0.0402800000   -3.3200000000  -10.8130000000   38.1200000000   -0.0329580000    0.1566160000    1.0158690000  -54.9460000000   -3.4120000000  -25.7480000000      25.4          1.8365221911    8.7642585269   97.4729544968 
   6.1     0.0402800000   -3.4800000000  -11.2400000000   37.9860000000   -0.0692130000    0.0606680000    1.0317380000   -9.8850000000    2.1980000000   51.3810000000      25.4          3.8312754974    3.3652170997   94.1778821988 
   6.1     0.0402930000   -4.6800000000  -11.5460000000   38.0000000000    0.0656730000    0.0765380000    1.0117180000  -18.8930000000    4.2440000000  125.0640000000      25.3         -3.7034405184    4.3262718092  116.1544488463 
   6.2     0.0402660000   -5.8530000000  -11.3200000000   37.9330000000   -0.0244140000    0.0085440000    1.0108640000   -4.3120000000    3.3580000000  125.0640000000      25.4          1.3834673560    0.4842624560  112.9867398153 
   6.2     0.0402800000   -6.9060000000  -10.8530000000   37.9200000000    0.0247800000    0.1318350000    1.0031730000    0.6480000000    2.8160000000  125.0640000000      25.2         -1.4029526836    7.4867933829  116.3870837253 
   6.2     0.0402800000   -8.4930000000  -10.2260000000   37.8800000000    0.0987540000   -0.0870360000    0.9807120000  -13.1140000000    4.3810000000  125.0640000000      25.2         -5.7277249676   -5.0715854536  150.9438866294 
   6.3     0.0402800000   -8.7330000000  -10.7200000000   37.6660000000   -0.1619870000    0.0451660000    1.0351560000  -21.9540000000   -0.2130000000   39.6560000000      25.4          8.8855166062    2.4983489020  103.1600912159 
   6.3     0.0402790000   -9.6260000000  -10.1460000000   37.8800000000   -0.0054930000   -0.0186760000    1.0140380000   -0.0300000000   -0.3810000000  111.3960000000      25.4          0.3103131005   -1.0551231948  134.9179441986 
   6.4     0.0402800000  -10.2260000000   -9.5600000000   37.8660000000   -0.0070800000   -0.0335690000    1.0141600000    4.6940000000   -1.9000000000   80.6030000000      25.2          0.3997648290   -1.8958153082  140.1859402129 
   6.4     0.0402800000  -10.2660000000   -9.4800000000   37.8000000000    0.0849600000   -0.0357660000    1.0010980000    2.0380000000   -1.8770000000  -14.2820000000      25.4         -4.8478085677   -2.0461229889  148.8668788727 
   6.4     0.0402800000  -10.5600000000   -9.1060000000   37.8130000000   -0.1102290000    0.0648190000    1.0169670000    6.9610000000   -1.2360000000   65.4880000000      25.4          6.1737057609    3.6469602305  119.5016940106 
   6.5     0.0402800000  -11.0400000000   -8.2530000000   37.8530000000   -0.0050040000   -0.0107420000    1.0031730000   11.5720000000   -0.4040000000   83.1370000000      25.3          0.2857824796   -0.6135011025  144.1253910750 
   6.5     0.0402800000  -11.0930000000   -8.0660000000   38.0930000000    0.0013420000    0.0214840000    1.0081780000    3.1900000000   -1.7550000000   -0.0680000000      25.2         -0.0762498670    1.2207727725  141.4627320768 
   6.6     0.0402800000  -11.3060000000   -7.8260000000   38.0800000000    0.0141600000   -0.0001220000    1.0047600000    1.4580000000   -0.9610000000   26.4120000000      25.2         -0.8074112494   -0.0069569699  146.5550083140 
   6.6     0.0402800000  -11.4130000000   -7.6800000000   37.9860000000    0.0026850000    0.0187980000    1.0058590000    2.7170000000   -1.1900000000   15.2060000000      25.5         -0.1529160100    1.0706477745  143.9249316571 
   6.6     0.0402800000  -11.4800000000   -7.6400000000   37.9460000000    0.0104980000    0.0064690000    1.0064690000    0.6480000000   -1.6710000000   -5.8770000000      25.3         -0.5975910425    0.3682590261  146.4192456033 
   6.7     0.0402790000  -11.3060000000   -7.8530000000   37.9200000000    0.0029290000    0.0217280000    1.0040280000    0.9080000000   -2.6560000000  -56.2290000000      25.4         -0.1671064743    1.2397347572  142.7797710570 
   6.7     0.0402800000  -10.4400000000   -8.9330000000   38.0000000000   -0.0052490000   -0.0111080000    1.0021970000   -7.6250000000   -3.5030000000 -119.1900000000      25.2          0.3000650831   -0.6350203194  140.2682051253 
   6.8     0.0402800000   -9.4930000000  -10.2130000000   37.9460000000   -0.0415030000    0.0013420000    1.0023190000  -14.1520000000   -1.4040000000 -125.0610000000      25.4          2.3710884252    0.0767129927  127.6398195570 
   6.8     0.0402800000   -8.2800000000  -11.4530000000   37.7730000000   -0.0230710000   -0.0225830000    1.0228270000   -8.6100000000   -0.7700000000 -125.0610000000      25.4          1.2918361609   -1.2648281648  124.9533172608 
   6.8     0.0402800000   -7.1860000000  -12.1200000000   37.6530000000   -0.0042720000   -0.0260000000    1.0080560000   -0.6100000000    0.6330000000 -125.0610000000      25.2          0.2427293052   -1.4774576671  122.2245915856 
   6.9     0.0402800000   -5.7200000000  -12.7200000000   37.5060000000    0.0084220000    0.0341790000    1.0064690000    0.7780000000   -1.2510000000 -125.0610000000      25.2         -0.4791561475    1.9449781068  113.3224747018 
   6.9     0.0402800000   -4.6260000000  -13.1200000000   37.4930000000    0.0024410000   -0.0024410000    1.0093990000    0.8390000000   -1.3430000000 -125.0610000000      25.4         -0.1385560281   -0.1385564332  109.9007471019 
   7.0     0.0402790000   -3.6800000000  -13.2930000000   37.6130000000    0.0191650000    0.0205070000    1.0368650000    7.2820000000   -3.6410000000 -104.3960000000      25.2         -1.0587048097    1.1330417989  107.2932780425 
   7.0     0.0402800000   -3.1200000000  -11.2530000000   38.3060000000   -0.0136710000    0.0792230000    1.0744620000  100.2820000000    6.3280000000  -86.8390000000      25.3          0.7269946604    4.2169425848  100.6715500255 
   7.0     0.0402800000   -3.5460000000   -8.3730000000   38.9330000000   -0.0477290000    0.1367180000    1.0163570000  108.6100000000   40.0680000000    6.6640000000      25.2          2.6647179392    7.6613065596   97.6016590783 
   7.1     0.0402800000   -7.1060000000   -4.3200000000   38.9860000000   -0.1425780000    0.2275390000    0.9970700000  125.0640000000  125.0640000000  -25.9380000000      25.4          7.9366121873   12.8551918040   98.4857081677 
   7.1     0.0402800000  -11.2930000000   -0.4930000000   38.3600000000   -0.2375480000    0.3076170000    0.9244380000  125.0640000000  125.0640000000  -20.3580000000      25.4         13.7025033813   18.4054355381  100.7422813056 
   7.2     0.0402800000  -13.5460000000    4.6530000000   37.3860000000   -0.1798090000    0.3117670000    0.9007560000  125.0640000000   74.8930000000  -31.0380000000      25.4         10.6827608835   19.0916087628  129.6067417289 
   7.2     0.0402800000  -15.4800000000    6.8260000000   36.4660000000   -0.2952880000    0.4244380000    0.8339840000  106.0220000000   57.1140000000  -98.0070000000      25.5         17.5133051877   26.9728278428  111.1766813014 
   7.3     0.0402790000  -17.6530000000    7.5600000000   35.4000000000   -0.3566890000    0.4522700000    0.7473140000   84.9610000000   73.9540000000 -125.0610000000      25.2         22.2120665962   31.1820773931  106.0586642010 
   7.3     0.0402800000  -24.1730000000    4.6000000000   31.7330000000   -0.6033930000    0.4100340000    0.6423330000  -27.4420000000  125.0640000000 -125.0610000000      25.3         38.3722802292   32.5521717708   93.5157697904 
   7.3     0.0402800000  -30.6930000000    2.1330000000   25.9330000000   -0.7407220000    0.3454580000    0.5341790000   16.5110000000  125.0640000000 -125.0610000000      25.1         49.3431605297   32.8910847586  101.9378001689 
   7.4     0.0402800000  -35.4530000000    0.2400000000   19.8930000000   -0.8438720000    0.3582760000    0.4454340000   68.8390000000  125.0640000000 -125.0610000000      25.4         55.8862010221   38.8107694168  119.4185043734 
   7.4     0.0402800000  -36.8000000000   -1.8130000000   17.2400000000   -0.9053950000    0.2271720000    0.3553460000   29.8620000000  105.1980000000 -115.7930000000      25.2         65.0227137416   32.5907013730  106.7641913804 
   7.5     0.0402800000  -37.3730000000   -3.8660000000   15.4400000000   -0.9907220000    0.2893060000    0.1916500000   21.4960000000   58.6480000000  -65.9770000000      25.2         70.6958268363   56.4776223134  116.0917203765 
   7.5     0.0402800000  -37.9200000000   -4.7200000000   13.7600000000   -0.9691160000    0.1414790000    0.1558830000  -20.0000000000   67.0910000000  -30.5490000000      25.3         77.7444945043   42.2268015423   95.3452465970 
   7.5     0.0402800000  -38.4530000000   -5.8400000000   12.0130000000   -1.0203850000    0.0806880000    0.1851800000   40.2360000000   64.5490000000  -58.2900000000      25.4         78.8024942523   23.5440763862   84.1084122641 
   7.6     0.0402800000  -38.1060000000   -6.0260000000   13.3460000000   -1.0393060000    0.0892330000    0.0233150000   51.3660000000  -49.3810000000  -23.4500000000      25.3         84.9288232053   75.3569891451  111.9409146413 
   7.6     0.0402800000  -37.3860000000   -6.6930000000   14.8400000000   -1.0006100000    0.0975340000    0.0648190000  -81.5410000000  -73.2130000000   -2.5950000000      25.4         83.3246402365   56.3928419493   96.1261948202 
   7.7     0.0402800000  -36.0000000000   -8.5600000000   17.2000000000   -0.9671630000    0.0769040000    0.1448970000  -73.1140000000 -122.1900000000  -42.9690000000      25.4         80.3736606667   27.9571019311   72.2471843864 
   7.7     0.0402800000  -32.6130000000  -12.5330000000   21.2800000000   -0.9711910000    0.1397700000    0.3616940000  -86.0680000000 -125.0610000000 -113.0450000000      25.4         68.2350092534   21.1281085344   83.6749824140 
   7.7     0.0402790000  -29.3730000000  -12.8530000000   25.3600000000   -0.8493650000    0.0212400000    0.5328360000  -84.0070000000 -125.0610000000   58.4040000000      25.2         57.8780517041    2.2827256215   68.6716100808 
   7.8     0.0402800000  -27.5330000000  -13.1200000000   27.0130000000   -0.7258300000   -0.0555410000    0.6868890000  -78.0830000000 -119.6100000000   51.7400000000      25.6         46.4857204472   -4.6228089326   83.0145123814 
   7.8     0.0402800000  -27.0260000000  -13.1330000000   27.3200000000   -0.7149650000   -0.0576170000    0.7102050000   18.2820000000    7.6940000000  -15.1520000000      25.1         45.0973996037   -4.6380931407   84.9472903417 
   7.9     0.0402800000  -28.5860000000  -13.0800000000   25.3060000000   -0.7951660000   -0.0146480000    0.6083980000    4.7930000000   94.8470000000   -4.2360000000      25.4         52.5716353602   -1.3792064871   76.6162624348 
   7.9     0.0402800000  -29.8260000000  -13.0400000000   24.1600000000   -0.8679190000   -0.0238030000    0.5167230000    4.5410000000   60.9380000000   -4.8770000000      25.4         59.2054850124   -2.6374827353   63.3573983016 
   7.9     0.0402790000  -29.8000000000  -12.9860000000   24.4260000000   -0.8760980000   -0.0201410000    0.5061030000    7.7400000000  -14.5260000000   -6.4420000000      25.5         59.9662562011   -2.2789544104   60.9733462498 
   8.0     0.0402800000  -29.0800000000  -12.9730000000   25.3460000000   -0.8366690000   -0.0219720000    0.5568840000    1.6030000000  -48.5570000000   -2.4730000000      25.5         56.3318435877   -2.2594476140   65.7773813226 
   8.0     0.0402800000  -28.4000000000  -13.0530000000   25.8530000000   -0.8062740000   -0.0205070000    0.6007080000   -0.6870000000  -25.0760000000   -1.0380000000      25.3         53.2963540795   -1.9552069096   71.3793357320 
   8.1     0.0402800000  -28.6260000000  -13.0530000000   25.5060000000   -0.8096920000   -0.0220940000    0.5950920000    0.1290000000   12.2210000000   -1.7860000000      25.5         53.6667335195   -2.1262456738   71.8626862909 
   8.1     0.0402800000  -29.0000000000  -13.0400000000   25.0930000000   -0.8326410000   -0.0216060000    0.5675040000    1.8620000000   19.6870000000   -2.9460000000      25.3         55.7034769408   -2.1803106482   68.3877552028 
