Time         PitchSensor   RollSensor  AzimuthSensor   PitchKalman   RollKalman  AzimuthKalman   PitchIIR  RollIIR  AzimuthIIR   PitchCFR  RollCF  AzimuthCF PitchCFR2  RollCF2  AzimuthCF2
   0.3    88.4216163872   -38.0716309019    30.6875598543     88.4216163872   -38.0716309019    30.6875598543     88.4216163872   -38.0716309019    30.6875598543     88.4216163872   -38.0716309019    30.6875598543     88.4216163872   -38.0716309019    30.6875598543
   0.5    88.4545085864   -38.4171988160    30.1376141973     88.4457455132   -38.3924478912    30.1873237948     88.4518457877   -38.3886544630    30.1827015809     88.4232752531   -38.0887478850    30.5432541487     88.4397138495   -38.2616167961    30.3353737397
   0.6    88.3934104456   -37.9614778755    30.9613938104     88.3715118673   -38.1578656418    30.7640713401     88.3981474148   -37.9949227361    30.8993218664     88.4207568106   -38.0821241020    30.7733031374     88.4137617331   -38.0964156211    30.7682226357
   0.6    88.4135024961   -37.8744420536    30.5945321365     88.3454760011   -38.0314078585    30.5581249670     88.4122593923   -37.8842845738    30.6190221401     88.4201085943   -38.0724453385    30.4069809246     88.4134838326   -37.9746642371    30.5208161405
   0.6    88.4228721634   -37.8301161744    30.7822064662     88.3369397685   -37.9498298860    30.7689429891     88.4220124084   -37.8345318158    30.7689568426     88.4208518441   -38.0598895564    30.5302705541     88.4189336764   -37.8949542019    30.7089587978
   0.7    88.4096137415   -38.0721354492    30.5311221819     88.3255738924   -38.0262609466    30.7011574772     88.4106186047   -38.0530358852    30.5502406573     88.4205435191   -38.0605110258    30.5280626729     88.4139278492   -37.9924078848    30.6101767950
   0.7    88.4103818084   -38.4239941174    30.1996528224     88.3203888799   -38.2361405887    30.5252218554     88.4104034714   -38.3939450965    30.2280571908     88.4194888170   -38.0788158040    30.5512954015     88.4117186667   -38.2298425305    30.4012892118
   0.8    88.4289290728   -37.9856300760    30.6043996516     88.3281844502   -38.1326897932    30.5951199196     88.4274316313   -38.0190584055    30.5735628370     88.4198628602   -38.0746310529    30.5251605161     88.4211374044   -38.0957503617    30.5008034532
   0.8    88.3973839813   -37.4166843664    30.9519414059     88.3157413805   -37.8035553620    30.6818552214     88.3998239908   -37.4646277862    30.9221527469     88.4186629050   -38.0425946896    30.2781741015     88.4080368649   -37.7226718819    30.6348304277
   0.8    88.4266629654   -38.8961189404    29.5230447379     88.3260292702   -38.3486916457    30.2373373883     88.4245256294   -38.7783361775    29.6381954304     88.4196677536   -38.0848312579    30.3852016047     88.4185665740   -38.3678578977    30.0847311594
   0.9    88.4578134137   -37.8517655484    30.5746039182     88.3474853665   -38.1253839372    30.4411097739     88.4551320193   -37.9283119751    30.4972660958     88.4220161256   -38.0729407303    30.3904335430     88.4403617944   -38.0838957564    30.3525807599
   0.9    88.4311706101   -37.4288062460    31.1867174598     88.3442845753   -37.8045097424    30.9020299501     88.4331162917   -37.4687062619    31.1314372379     88.4231242945   -38.0406606625    30.5361916290     88.4356147538   -37.7235619157    30.8562607131
   1.0    88.3917037491   -38.8539014841    29.7154364386     88.3223769771   -38.3286972252    30.3749874647     88.3950915500   -38.7443933354    29.8274432235     88.4219941834   -38.0810851503    30.4972828700     88.4116719649   -38.3451350485    30.2303035103
   1.0    88.4207218887   -38.3831517587    29.8157310292     88.3269120261   -38.3721531269    29.9896207669     88.4186491392   -38.4128344903    29.8163029226     88.4213086840   -38.0959064667    30.1507799873     88.4163554703   -38.3659093060    29.8696265249
   1.0    88.4275078948   -37.6300029513    30.6927574561     88.3332813950   -38.0294758350    30.3973654787     88.4268010986   -37.6937580705    30.6214153739     88.4214454116   -38.0726722870    30.2248777956     88.4224070974   -37.9611893080    30.3424544640
   1.1    88.4702758615   -38.5367974661    29.7675883250     88.3593590500   -38.2912290573    30.1782122925     88.4667672877   -38.4667390365    29.8385149086     88.4236917901   -38.0955447909    30.2953434948     88.4486421713   -38.2776158797    30.0656536272
   1.1    88.4216324101   -38.7376618776    29.7571934022     88.3464710898   -38.5246275865    30.0792094641     88.4252891041   -38.7162980691    29.7632212142     88.4232514733   -38.1279209097    30.3937650517     88.4336265912   -38.5307687365    29.9494128336
   1.2    88.4349738074   -38.4997627725    30.1878126103     88.3477853961   -38.5299723373    30.2624181492     88.4341898365   -38.5174095592    30.1533405004     88.4236643196   -38.1465906393    30.5636499010     88.4342852639   -38.5137516204    30.1571052919
   1.2    88.4199537631   -38.3831517587    29.7115913666     88.3410703186   -38.4762800615    29.7722044796     88.4211071101   -38.3939356551    29.7475274849     88.4235894648   -38.1590406009    29.9947107060     88.4264534549   -38.4422166336    29.6884948516
   1.2    88.4162066374   -38.5802898554    29.5808094352     88.3363171438   -38.5437509052    29.7299492218     88.4166040605   -38.5652432844    29.5942654109     88.4232860515   -38.1803516318    29.9956790387     88.4208482432   -38.5182748060    29.6384684045
   1.3    88.4394812791   -38.2999329421    29.9627760827     88.3467511861   -38.4426746056    29.9321076619     88.4376288970   -38.3217190485    29.9326175126     88.4242061158   -38.1869693959    30.0953960796     88.4311469058   -38.3984896327    29.8598776351
   1.3    88.4146916756   -38.2271077791    30.2391768468     88.3388124970   -38.3544425764    30.1972448444     88.4165495694   -38.2346685638    30.2144671069     88.4231835301   -38.1890983758    30.2536451729     88.4218372956   -38.3042864529    30.1326665127
   1.4    88.4285477851   -37.9856300760    30.4122924857     88.3428299523   -38.1916804622    30.3194099028     88.4275769352   -38.0059457923    30.3961252735     88.4229769792   -38.1798602435    30.2171543698     88.4253022805   -38.1294680187    30.2676014614
   1.4    88.4208646337   -38.7376618776    29.4488083337     88.3412614121   -38.4720341283    29.8594377501     88.4214179382   -38.6786187417    29.5253597889     88.4225336078   -38.2080284566    30.0261798077     88.4227017010   -38.4641065266    29.7525850919
   1.4    88.4354866470   -38.8578020358    29.1083036517     88.3482691046   -38.6755735039    29.4407757258     88.4343472559   -38.8431632526    29.1421545959     88.4222074515   -38.2406898320    29.8020380424     88.4292718053   -38.6807187981    29.3225377019
   1.5    88.4591927589   -38.2146041286    29.8899281375     88.3654372925   -38.4684265132    29.7419047720     88.4571883152   -38.2662431439    29.8286485987     88.4249461016   -38.2395178976    29.9025732432     88.4461491320   -38.4244216498    29.6755265123
   1.5    88.4098029914   -38.4239941174    29.9231673924     88.3472819490   -38.4626873460    29.9545071058     88.4136426789   -38.4115636017    29.9150838994     88.4234538197   -38.2490779204    30.0746121861     88.4258100043   -38.4243447272    29.8842419980
   1.6    88.4535383470   -38.0552138005    30.2757545558     88.3629057867   -38.2799686955    30.1630263508     88.4503096639   -38.0847553498    30.2458753902     88.4257733480   -38.2391118823    30.1164030027     88.4414471735   -38.2211946669    30.1130710546
   1.6    88.4274277399   -38.8961189404    29.3814331341     88.3564941884   -38.5939167108    29.8071685006     88.4292916601   -38.8313177526    29.4505328889     88.4254737421   -38.2718822487    30.0531635109     88.4335553689   -38.5923651001    29.6996147593
   1.7    88.4012826517   -38.8161601675    29.2761563524     88.3413095544   -38.7166244233    29.4854440169     88.4035527725   -38.8173688807    29.2903413444     88.4265153507   -38.2970368831    29.8138792943     88.4168772263   -38.7144828572    29.3816661893
   1.7    88.4432130425   -38.0989961944    29.9597966855     88.3556793083   -38.4323624140    29.7306301234     88.4400089443   -38.1585596580    29.9041710624     88.4277921509   -38.2869066022    29.7844759734     88.4315720156   -38.3758585865    29.6842466667
   1.7    88.4405761769   -37.9415663101    30.1222203837     88.3624996211   -38.2073255978    29.9504471465     88.4405311380   -37.9591196040    30.1045836670     88.4305182488   -38.2677572641    29.7895243243     88.4375142135   -38.1361077479    29.9200960652
   1.8    88.4430409491   -38.4587401822    29.8824831342     88.3673585469   -38.3420368037    30.0898277028     88.4428416018   -38.4181171585    29.9006316934     88.4328335312   -38.2754816921    30.0671074696     88.4413520751   -38.3126894538    30.0152313746
   1.8    88.4257785055   -38.5402762032    29.8961100891     88.3601794101   -38.4517516470    30.0762478414     88.4271592789   -38.5304913078    29.8963660538     88.4325895682   -38.2875211591    30.1479413305     88.4328385158   -38.4372936261    29.9877536133
   1.9    88.4271262162   -37.6300029513    30.5951565787     88.3574777432   -38.0656916704    30.2512766700     88.4271433506   -37.7029564022    30.5385093697     88.4316248673   -38.2535225718    29.9446825405     88.4293705671   -37.9927511069    30.2261342529
   1.9    88.4462079715   -38.8190029054    29.3052192133     88.3669063111   -38.4447280268    29.8178157546     88.4446862128   -38.7276073331    29.4061145639     88.4318276949   -38.2823129090    29.8993158157     88.4383829374   -38.4474353021    29.7138654432
   1.9    88.4300988934   -38.3418012005    29.6969765076     88.3632353636   -38.4089214318    29.7308332443     88.4312829325   -38.3727801602    29.6736814881     88.4312146689   -38.2858033793    29.7665855483     88.4335765773   -38.3895802701    29.6525364471
   2.0    88.4458308274   -38.8190029054    29.4903201254     88.3705152617   -38.6220387072    29.7816459246     88.4446555962   -38.7825364873    29.5054702668     88.4319603765   -38.3122780036    30.0252214441     88.4403236203   -38.6256749434    29.6789349241
   2.0    88.4037492735   -37.9182260115    30.6141780198     88.3523670252   -38.2941558722    30.2764882235     88.4070751645   -37.9865666441    30.5259206790     88.4310120474   -38.2927433026    30.1642354193     88.4204262061   -38.2366587914    30.2393982093
   2.1    88.4398599166   -38.2999329421    30.1112585497     88.3628358159   -38.3091501014    30.2148079193     88.4372064213   -38.2740640611    30.1452940209     88.4309717808   -38.2921531363    30.1349354717     88.4308856769   -38.2710099747    30.1576250538
   2.1    88.4218064910   -37.4758510917    30.9782201899     88.3588532461   -37.9156931919    30.6035235731     88.4230654368   -37.5399378409    30.9113367843     88.4302694443   -38.2505683764    30.1426996039     88.4257763781   -37.8333080569    30.5943933217
   2.1    88.4218708215   -39.0942604884    29.6375748672     88.3574425341   -38.4996262006    30.3334766379     88.4220107754   -38.9684436668    29.7407128849     88.4294166798   -38.2922387993    30.4516856033     88.4234214897   -38.5265898482    30.2102632868
   2.2    88.4092262361   -38.0721354492    30.5370445428     88.3502942138   -38.3049240992    30.3878603138     88.4102759294   -38.1441819779    30.4731210209     88.4278600903   -38.2813546527    30.3014120413     88.4153547515   -38.2766962138    30.3243368215
   2.2    88.4253964540   -38.5402762032    30.0085496836     88.3563132451   -38.4317139210    30.2249673223     88.4241743922   -38.5079066577    30.0464615735     88.4279904281   -38.2943192516    30.2689424126     88.4209977767   -38.4216739805    30.1430350927
   2.3    88.4541026609   -38.0552138005    30.4253686339     88.3746278589   -38.2609663405    30.3254133763     88.4516828871   -38.0925210974    30.3940451404     88.4293109650   -38.2821942394    30.2239371198     88.4392127142   -38.2200404997    30.2760192360
   2.3    88.4295273180   -38.3418012005    30.0813799781     88.3707338689   -38.3115381708    30.2045739047     88.4313237486   -38.3218633780    30.1064605317     88.4290775779   -38.2843976754    30.1496691830     88.4337696778   -38.2866410376    30.1405436862
   2.3    88.4216324101   -38.7376618776    30.1550443722     88.3650412247   -38.5308127446    30.4184929605     88.4224201546   -38.7041864999    30.1509881576     88.4283230717   -38.3069649326    30.5663260016     88.4269131176   -38.5346570376    30.3254608034
   2.4    88.4313998486   -38.6984899856    30.0240264065     88.3680638846   -38.6254671124    30.2019493819     88.4306725154   -38.6989538154    30.0342904885     88.4285419811   -38.3268066166    30.4343062432     88.4294111627   -38.6248910156    30.1150930266
   2.4    88.4187908989   -38.0291498009    30.6223861641     88.3628104356   -38.3480822302    30.3741572810     88.4197616108   -38.0830458528    30.5751268342     88.4272688094   -38.3118393456    30.3201859182     88.4231980815   -38.2971914210    30.3416581705
   2.5    88.4618823053   -37.6471882565    30.9168841621     88.3841896948   -38.0179101593    30.6395670737     88.4584733887   -37.6833844216    30.8883017735     88.4294414573   -38.2783953486    30.2959755775     88.4446837334   -37.9395894834    30.6353298331
   2.5    88.4003879248   -38.4659362288    29.9881088574     88.3627914257   -38.2454735651    30.2899945284     88.4051029821   -38.4046797386    30.0589294536     88.4292311850   -38.2874424076    30.1495659060     88.4209086481   -38.2289204683    30.2239771805
   2.5    85.2240814303   -58.2508515025    11.4162841561     86.6780998604   -48.0065151576    22.4472077764     85.4882660909   -57.6950097943    11.8574500584     88.2792671636   -39.2876980677    30.0711445234     86.6675267652   -49.2419848557    21.0165538914
   2.6    87.2968622304   -77.0716093596   349.2595107259     86.9625816436   -62.2446131992     6.2652517180     87.8568562241   -80.3192512624   345.9185336388     88.2268542044   -41.1735709679    28.7155988519     87.0138322876   -64.5543616736     3.5666078561
   2.6    88.0176197540   -37.8754169234    31.8558801829     87.4743742421   -50.5134906684    18.6412013662     88.3021011565   -33.9178690446    35.7191697188     88.2186509135   -41.0239046370    28.2184014232     87.5601185411   -49.8804334372    19.2678933818
   2.7    88.7601217219    33.9542706978   103.4887012204     88.2301635369    -9.2681815478    61.2543168652     88.8014728085    27.9323591605    97.4754453273     88.4246244462   -36.9647826116    31.6272063207     88.3262727872    -3.6387220979    66.8470739484
   2.7    84.0871120247    13.7595602740    91.9603761063     85.0733155792     3.1310802843    78.6162047735     84.4542494744    13.9945059001    91.4860739091     87.3754005251   -31.8864875463    34.1671800426     85.0057539174     6.7208283273    82.5432504216
   2.7    82.8092375999     5.1990905715    61.1131300312     81.4871129008     5.3006911522    66.8269866715     82.9528418088     5.7802971454    63.4215770155     84.1435821653   -25.9080652102    21.6228004668     81.4863361009     6.5590236179    68.2885853535
   2.8    71.8233113755     8.6677321400    72.3956750063     73.9749843942     8.0073192415    67.2663920351     72.7605946912     8.5665542492    71.6249482695     80.0719437570   -20.3980500512    12.2038002857     73.8677478290     8.4016507400    68.0912583149
   2.8    61.8554293254    11.8600622255    71.8420538959     65.1877085774    10.5360018822    63.5896116481     62.6895737276    11.6967979539    72.0626318531     75.0440755221   -16.0371469406     3.5402231790     65.0051620665    10.6526334694    64.2382877113
   2.9    59.4345295644    13.3911994147    54.0579478484     59.7314676045    12.2284256893    53.5377942428     59.7091046137    13.2614998836    55.1722133226     70.0171242147   -12.4144557577     1.3350045254     59.6721213254    12.1970638258    53.6001782428
   2.9    38.5584123438    14.5830451213    90.9963981469     46.6154907295    10.7650574968    71.4668420330     40.2744454563    14.5105580730    88.6256852488     63.2915556930   -14.2973275947     5.3171426136     46.2649796842    10.9847396630    72.4787552969
   2.9    41.6990360361    -5.8740053085    38.4333970845     41.7177651015     2.3874502117    57.9976069580     41.7182099920    -4.4102518523    43.4486634650     57.4291254425   -13.4855158053     6.2527080296     41.6564708577     1.2157648583    56.0103621220
   3.0    34.9869852233     5.0052220748    68.3785893060     36.1204915229     2.6264520646    63.2845470283     35.5953493366     4.2595751002    66.8146068190     51.8581264190   -14.2372661957     8.2145385858     36.1186628834     2.1927915936    62.6236208610
   3.0    26.0464154356    -2.2205226463    72.3842909987     28.6140452289    -0.1536232965    68.6497305019     26.8337676894    -1.7385428214    71.6348846702     46.1570408064   -14.1094566046    10.1861915294     28.6022831864    -0.8313142067    67.6976601634
   3.1    26.3847115831    -4.1545160285    56.7352481945     24.9708871121    -3.2241345974    62.7083809259     26.4265092435    -3.9393197997    57.8306511357     40.2068776629   -15.3592003568    12.1414964164     25.1477901929    -3.8641048780    61.1800608383
   3.1    19.2184477483    -2.5136779159    66.3139831890     19.7929943255    -3.1781972927    64.9835451833     19.7461070140    -2.6131575818    65.8675990910     35.0730510983   -15.2136704925    15.7841007876     19.9649273079    -3.6092806203    63.9528958755
   3.1    14.5075377390    -6.1607372158    62.9136537657     14.8333009624    -4.9135037840    64.8196380092     14.9599723760    -5.8633704665    63.1196736887     29.8072820847   -15.4556594741    17.8925503841     15.0172659726    -5.4957886525    63.5233198912
   3.2     6.9498760449    -3.7866955622    76.7476117149      9.0094233852    -4.6299911858    71.5126806424      7.5845712521    -3.9474743599    75.7966264271     25.4877670786   -15.7209588707    19.8534931759      9.1251543284    -5.0241958315    70.8086222311
   3.2    12.4195452824    -8.6910460227    50.9185633591      8.9549128120    -6.8025735793    61.9969437037     12.0594440203    -8.3300346293    52.7223380750     21.4238569378   -15.9213030422    22.5855994766      9.3026891691    -7.4540775823    60.2446796005
   3.3     5.6888666457    -7.7588997245    63.9232776301      6.3800187532    -7.5189734274    62.9570824936      6.2220561837    -7.8060170100    62.9549570501     19.1161828935   -16.4472591824    23.5000434221      6.6227667273    -8.0766377411    61.6263606089
   3.3    -0.1601433512    -9.2539529753    71.8507346569      1.7099948060    -8.6773170119    67.9367384702      0.3610060756    -9.1361832232    71.0667387657     15.9446710986   -17.0830727020    25.3590371819      1.8600312246    -9.2335373895    66.9305943671
   3.3     2.8462688745    -9.2130776342    62.7096507004      1.8226255161    -9.1402638560    65.3313851212      2.6428706194    -9.2067759185    63.3181298181     14.5399808585   -17.6080799718    26.6324877685      2.0725085767    -9.6355276717    64.1507118665
   3.4     2.5259187061    -9.8488759967    62.7148936289      2.1003030101    -9.2986923259    64.3843092094      2.5354005054    -9.7968883269    62.7642703483     14.0081422652   -17.3948231985    28.0583031639      2.3631531884    -9.8237048247    63.1362503492
   3.4     0.5611671846   -11.0669364928    67.1028257577      1.4919027383    -9.9565935448    65.8897681319      0.7263623199   -10.9607545238    66.7059682558     13.9909316385   -17.2466173313    28.9860436800      1.6975689185   -10.5595489304    64.6652857452
   3.5     3.0792767215    -9.4796168843    69.9455998518      3.8199159396    -9.4910032062    67.4117788110      2.8949945203    -9.5958261161    69.6820535777     16.6490145651   -17.1037181734    28.5879848645      4.0138170317    -9.9875000845    66.3477388435
   3.5    13.3223963090    -8.5981043402    57.7496922348     11.0191180056    -8.7435591379    61.6141214665     12.5186889188    -8.6772209551    58.5068837215     21.0952306538   -16.7930690776    28.5439063011     11.3482249455    -9.1747826127    60.2845538889
   3.5    10.2960111865   -13.6237759272    74.3874733929     12.9619719610   -11.2030463237    67.4984659962     10.4900546426   -13.2019226929    72.5283376520     25.5437732249   -17.3611613673    29.0229051721     13.1192030789   -11.9112836722    66.0557030327
   3.6    18.0614551803   -13.5352701491    76.1545792562     17.9879667698   -12.6863312776    75.0564057756     17.4560156439   -13.5077140898    75.8657894165     30.1971426678   -18.2817782737    33.8195911368     18.2099538577   -13.3170250918    73.6258788601
   3.6    22.0777581810   -20.5784830160    64.2367924096     21.3595722292   -17.1628480956    72.3124051829     21.7261936201   -20.0092439590    65.4561268561     32.1129061239   -20.8796553510    32.5996292706     21.6146826728   -18.0665262256    69.8217020550
   3.7    30.3641980715   -21.2765062577    42.1282880749     26.8746189174   -21.3797361795    48.1579834841     29.6942970656   -21.1709441522    43.0536253532     33.4809960954   -26.1054829096    26.0736454138     27.2444792805   -21.9599589203    46.0668460168
   3.7    40.2027125071   -16.7415072796    41.4625730956     36.0583017478   -18.9513072263    42.6090349577     39.2954390330   -17.1763505518    41.4661647328     38.2189530820   -26.0968136253    25.1791331168     36.5179037805   -19.1314532175    41.6194934631
   3.7    34.7958898825   -21.8183833748    56.1460154840     37.9245361032   -19.7868517468    51.0767009325     35.1241443201   -21.5034023058    54.1344544239     43.3863010189   -25.6129095273    29.0764429760     38.0830352825   -20.2952153686    49.7310293940
   3.8    41.1669480321   -24.4196605122    40.9467388353     42.0183462443   -20.8315575704    47.3171691438     40.5922917992   -24.1187394089    42.5779125950     48.2610905565   -24.1693096126    28.5391292692     42.1626658608   -21.6738580610    45.0269786431
   3.8    40.9172652556   -27.3082115143    51.6873275777     43.5785755084   -23.6390938274    50.1947603246     40.8938599261   -27.0447399025    50.3710654416     52.3750385964   -24.4185601773    28.0435986163     43.6347120173   -24.6255153760    47.0939805137
   3.9    66.0687562714   -24.9494244660    23.5296890662     57.3420987961   -24.8700364149    32.7936359034     64.4034681647   -25.2000688297    23.7640994421     57.0624842058   -26.2057315159    30.2566229976     57.8646426009   -25.4645675793    30.6928777467
   3.9    57.1715018160   -26.9296044261    33.1722399828     58.2231833242   -25.7030187238    33.6721371138     57.7887702324   -26.8098063757    31.8537576888     59.1745752655   -26.1893733345    30.8990493762     58.4846620809   -26.2418996498    31.9508614079
   3.9    60.2228908104   -37.5007163369     5.7880663815     60.7441084555   -31.7539059640    20.5718836561     60.0240772459   -36.3851968900     8.7234294800     62.3430264797   -27.5549763131    28.2242170217     60.9161177460   -32.8069580543    17.6616352417
   4.0    70.2845309822   -29.9680149266    21.0312959786     66.9749522738   -31.6445270957    20.5120770188     69.5917174186   -30.6003204642    20.0902203734     65.4606539760   -29.1083462817    27.1757364778     67.2669812608   -32.0060739558    19.5487817932
   4.0    64.9583900017   -41.1202238313     2.0270850422     66.3207969162   -36.0063715076    13.3362975569     65.3193320483   -40.4785464516     3.5097331895     66.3830251074   -29.3546266164    27.3995819379     66.4590169889   -36.8636287682    11.3442268512
   4.1    69.9567587672   -36.8283838505     9.1670129707     68.4504571665   -36.3678795114    10.8553664170     69.5436849160   -37.2204471547     8.6318892003     67.1490190268   -29.6921523523    25.6316573437     68.6533930979   -36.8603154897     9.7545760300
   4.1    73.0806749715   -36.7366587499    11.1969374572     72.7481474278   -36.8778901081    10.8399268680     72.7893225750   -36.7837672155    10.9853427556     71.3775493289   -30.3201112665    23.8452200552     72.9156603646   -37.1411941075    10.2855751262
   4.1    72.8767887669   -30.2874577444    20.4660270495     74.0171887731   -32.5360600676    15.4550525327     72.8774467641   -30.8061582346    19.6721803671     73.7644105240   -28.0666220454    23.5609450647     74.1100817696   -32.4310615294    15.5649761498
   4.2    74.5644600685   -32.9645408659     1.0116809239     76.0335327637   -30.8480277152     6.1040658261     74.4302203799   -32.7749882331     2.8393609043     77.1606279787   -24.6423713194    16.2724446293     76.0784447316   -31.1059511426     5.6130961331
   4.2    82.5567737202   -62.9076826635   318.9471303648     79.9251750307   -46.5516355701   337.6150298558     82.0444936055   -58.3960662226   324.1895766864     78.5557009603   -26.6573353094     8.8654247814     80.1384515937   -48.6808143851   334.7365418050
   4.3    83.1652721579    -1.8854846380    51.2872921648     83.1576153597   -26.7493008564    17.4826582135     83.3401726609    -6.5491180291    43.8810943887     83.0181198598   -27.7452296967    16.2396021507     83.2543325332   -24.7083142210    20.1779637361
   4.3    84.1660350848    -7.8709520897    42.1901666946     84.2480898864   -17.6015933391    29.5505869609     84.1024704213    -7.7559015394    42.3293122954     84.3099086620   -27.0777212889    17.0693036731     84.3589939291   -15.5781850453    31.9544403707
   4.4    86.9000402922    76.3086587672   119.3725521302     85.5919236596    28.5119758070    75.9801401821     87.1683099936    86.3754729350   128.4991916262     84.3920450833   -21.7345316835    19.6719911377     85.7573834428    35.0380755219    82.3007768893
   4.4    81.6184779468    59.3981160281   111.3828317709     83.1880750589    44.8077095678    94.5837461238     82.4476658486    58.6500331192   109.2232428005     84.7260019505   -16.2179903482    20.8097671962     83.1468343307    49.0333608954    98.7347035747
   4.4    78.8525485230   -84.4118789640   256.2789717767     79.2559641676   -15.7450400426     2.3261031196     79.2487415538   -86.3340183217   257.4780160728     85.9521256684   -14.9755593435     2.2488071642     79.1074514237   -22.7627925093   345.9501272013
   4.5    81.8265665650    84.7832341601    98.6568786312     81.0882824081    36.1963071736    48.0073853182     81.6094885225    85.7796186388   102.4445628683     86.7572598135    -5.0954402628   342.7557343005     81.3819406437    38.7151847005    50.6354302140
   4.5    71.6816069471    85.4175201896   108.7215804878     74.9437643234    63.2178340797    78.3123350061     72.4669580481    85.4314634141   108.1816264630     87.0973141686     4.3510796101   328.5594198456     74.8586789033    66.5732523301    82.7269168239
   4.6    61.5131063861   -78.4530901545   204.9739407391     65.9708273994    -3.0771466077   244.3110996054     62.4026297745   -79.2562783915   205.3242945491     86.7739364640     5.3199004560   309.0246337147     65.6641702594   -11.2974135437   239.9458863125
   4.6    56.2767713681   -80.5482749094   197.1754852536     61.9577017188   -37.5352151996   222.4082642187     56.8097407398   -80.4530585858   197.7178618159     87.0185435893     6.2968771932   294.3464317655     61.9852811700   -46.6539171322   217.5405566136
   4.6    47.6083194791   -75.3577206656   193.8336316867     56.3245502128   -53.7012324067   208.0203779591     48.3520557550   -75.6948389422   194.0699215477     86.2378956238     7.4546963961   281.6154271909     56.3086809222   -60.5296663140   203.9510986754
   4.7    39.4276813693   -69.6788080858   192.2280904356     49.4155154379   -59.6043138582   199.4667758603     40.1785609024   -70.1139912583   192.3210992873     84.4690489737     8.8541204950   271.1549165336     49.3027749855   -63.8002799383   196.6687444476
   4.7    32.3615707382   -64.0229653115   195.6541953927     41.2682497032   -59.6925686759   198.4372395633     33.0335754248   -64.4933855711   195.3407929959     79.8555647599     8.9522648347   264.6061333271     41.2497553646   -61.7982679560   196.9392027755
   4.8    30.8409256974   -59.5905597059   198.4278507540     35.9477731165   -58.7012555934   198.7441109358     31.0062119584   -59.9384199234   198.2021233598     76.6053996660     7.5143922134   259.5030429857     36.1220074226   -59.3730190973   198.2379300289
   4.8    29.6122627965   -60.3200476406   197.0419080684     32.9244886407   -58.9199418114   197.8987186579     29.7266537564   -60.2891456148   197.1369263092     74.2122757836     6.2210302797   255.3765218092     33.2835719566   -58.9942560492   197.8092246861
   4.8    29.0151447137   -59.8327748534   196.2746764883     31.0471518736   -58.4940192786   197.2556322498     29.0750555414   -59.8709198925   196.3435573989     71.5792921388     5.1206138801   251.4474231659     31.5668348802   -58.2793866202   197.3745358579
   4.9    26.0176827150   -55.0021929962   199.6457961517     28.2192392454   -56.3194332677   198.3016489649     26.2675204425   -55.3806197905   199.3795241124     69.0589315331     3.4443908827   247.5082296260     28.8179123144   -55.6459075692   198.7833190104
   4.9    26.6479748339   -56.3574265546   198.6157787413     26.9384928611   -56.8434637424   198.1472185043     26.6164738539   -56.2756470035   198.6805722669     66.8221184670     0.5630591765   244.1218687823     27.6721369060   -56.0690002877   198.6983006861
   5.0    27.1191974948   -55.0645517544   200.0597795868     26.4715225050   -56.7125606172   198.7322754531     27.0799069414   -55.1605045997   199.9506682529     64.9092231149    -2.5873065525   241.0902761943     27.3107514590   -55.7579171760   199.4128585817
   5.0    26.3605324626   -57.3860123858   198.5341733497     25.8130300323   -57.9563159825   198.1032662256     26.4188963918   -57.2103828790   198.6446912389     63.2397759003    -6.0379857012   237.9178102679     26.6930950810   -57.0625314924   198.7282919290
   5.0    26.9476916597   -58.2427627539   198.9747700661     25.7565712273   -59.3688806486   198.1018847329     26.9045029808   -58.1575300166   198.9488391715     61.3755200007    -9.7169317661   235.4300691735     26.6762670015   -58.4358027479   198.7502062427
   5.1    27.5243402380   -64.2605001783   197.6635607327     24.3973045455   -63.9967090326   197.9661354112     27.4824732873   -63.7449953902   197.7653650851     56.6221917404   -16.3691679630   231.6269526188     25.4007237794   -63.2164505076   198.4540174632
   5.1    34.1712111745   -74.0112105033   198.9096503257     26.0249970203   -71.1928535057   200.8244473405     33.6802762032   -73.1566750144   198.7671481049     49.6816040943   -24.5200945913   230.4403457411     27.2506424877   -70.7803343156   200.9809353761
   5.2    44.9899209674   -80.5628451196   212.1262269131     32.7482082209   -77.8499836091   211.6440321791     44.2266369312   -79.9665211839   210.9062286198     43.2409740512   -32.1734781495   235.1171467650     34.1895381956   -77.5510344127   211.8158309452
   5.2    47.6744785203    71.5838844508    91.4615451404     40.7634782484    -6.4376507508   251.0000123633     47.6651863619    74.1579870419    93.0901116712     41.4219090501   -28.3459606147   244.6044654881     41.9764069646     3.5632887464   255.8478945567
   5.2    53.1353042765    60.9325420442    63.8415866894     45.9664372327    27.1559667067   307.3387329541     52.7222522913    62.2076958994    66.7632445536     40.2075596437   -22.2141424201   249.6897693316     46.9723895168    35.5285653391   358.7281808769
   5.3    40.2988987343    62.2525875639    89.8114202340     41.4441251318    45.4175856483    60.8958147115     41.3103636495    62.2496173863    87.7124146162     38.2905884511   -14.9184452560   253.4037704681     41.9947096813    50.7830988026    71.7217021012
   5.3    26.7139496325    50.5135123622   134.3178713680     32.8865259654    47.8645147164   114.7978413879     28.2035140053    51.5125839061   128.4309156216     35.8705321463   -11.3579254380   254.4735761442     33.0505299229    50.1707742376   110.7012758792
   5.4    44.0741152186    68.8337489009    81.3546106485     37.7274907256    56.6555933781    85.7716641312     43.2082288078    67.5751600385    81.9137700496     34.8704517720    -9.7378185307   257.8384063425     38.2486803069    58.7292842143    85.8810640576
   5.4    42.3528994411    50.8132884514    69.7471841164     39.6024084083    52.6514638919    79.1491283666     42.5213149859    52.2241875766    70.8126649026     35.8030154555    -9.9188585291   262.4576692258     40.0447104105    52.8809020200    78.1840609943
   5.4    31.7903988373    49.5173073147    96.9645620632     34.5417818962    49.3395880124    90.2981163645     32.5780128095    49.6916483113    95.3457133334     33.9739036500   -10.2249537945   264.6776149005     34.7128755232    48.9964120245    89.6692628984
   5.5    37.8673637761    43.8760453572    77.8407171100     35.9341838512    45.5740709108    84.0866995638     37.4717291737    44.3503481135    79.2135968588     33.5037506364   -10.2080737148   268.0155222880     36.2056791118    44.7392105013    82.7335613126
   5.5    31.4956080468    37.0195403250    96.3015682301     34.1514335417    41.1951597362    89.7825828799     32.1148828016    37.7103430276    94.1625566186     35.2154262824   -10.2364699797   270.8218413942     34.2690007403    39.8513366935    88.6553096005
   5.6    30.5952853708    28.5019445038    96.2308805534     31.4691864377    33.3652142150    94.4298972092     30.7207975226    29.1262390924    96.0014712606     33.0188377455   -11.3156602149   268.7754679858     31.5941261499    31.7454170015    93.4870529188
   5.6    38.2853776345    39.2807698449    72.1458097124     33.1947052499    35.0500961816    78.8398634101     37.6920749955    38.3646921888    72.8029389359     28.5350892485   -10.0883487156   273.1894424533     33.5666001547    34.4425485666    77.3951188638
   5.6    21.6612087968    28.3750723985    92.4860285486     24.8526608002    30.4618208050    86.0437117821     23.0046527095    29.0898595909    90.1688033195     23.7099585831    -9.7787312526   274.6452684193     24.9706169686    29.5124770665    85.1737992698
   5.7    16.0380127016    31.3286744364    85.1567978193     16.8326344301    30.3467940502    84.6758464349     16.6156754035    31.1502237338    85.5106107386     19.5227581050    -8.1712520851   294.8989197770     16.9929041486    29.6313266432    83.9652704734
   5.7    13.2210325925    23.3460700935    62.4964219614     11.5644175240    27.3848502430    72.5699567458     13.4802388179    23.9137590433    64.5935812667     15.2493563164    -5.3721184190   318.8240517261     11.8517330289    26.1467670783    70.8090979124
   5.8     2.4632016331    25.5720242174    85.0123268361      5.3990091939    26.0853545757    79.2772465740      3.3922199026    25.4349971899    83.4839745316     14.8073789494    -5.0121581127   332.9938880171      5.5680888647    25.0597265039    78.3581795863
   5.8     3.4964193918    17.0643766445    87.6737431399      4.0425576037    20.3603195641    86.3791470767      3.4908978986    17.7227667139    87.2634672492     16.5892287851    -6.4423096583   342.0415435957      4.2861938342    19.0857352367    85.4460948620
   5.8     0.9956501611    12.8963252840    97.3330123950      1.8984792322    15.7399825195    93.8891685882      1.2084994836    13.3064735696    96.4119601860     16.7170769236    -7.2874037680   349.1450307294      2.1622426294    14.4282084973    93.3411542034
   5.9     2.4296683515    13.4957225219    94.6448740228      1.8875220497    13.4337632618    95.8924263865      2.3356967423    13.4811493186    94.7481378227     16.7579532557    -8.5787254543   357.2371252598      2.2236533395    12.4690463093    95.2285671241
   5.9    -0.1445934173     5.1650905789   105.0042657618      0.4573434896     8.9081532342   100.6257433421      0.0592951640     5.8463471033   103.8764678447     15.8886324979    -9.3030002427     2.8909474847      0.7543211600     7.6389530956   100.4323997587
   6.0     3.2272626923    13.1681508998    93.0427838207      1.7382140383    10.5579515957    96.7559827477      2.9747498153    12.5805503628    93.5814434830     15.5120876634    -9.4733486392    11.9075689987      2.1179447069     9.9380493889    95.9779836925
   6.0    -3.5372939282     1.7031540681   118.5576051269     -1.2981045948     5.7273098422   107.6539140806     -2.9927941223     2.6173711225   115.7232789287     15.0360737859   -10.1793639826    17.4975587882     -1.0538419566     4.5901451614   108.0040985276
   6.0     1.8365221911     8.7642585269    97.4729544968      0.1816795427     6.4809340874   102.1087822156      1.4628825328     8.2885609325    98.4650595080     14.1486054178   -11.5125549770    23.8751245848      0.5358271922     5.8851428025   101.5561527581
   6.1     3.8312754974     3.3652170997    94.1778821988      1.8954254583     5.1585852588    98.7673895960      3.6425024355     3.7600959158    94.5926710479     14.1790878438   -10.6910834626    32.1178696109      2.3159396894     4.3106437519    97.9859701474
   6.1    -3.7034405184     4.3262718092   116.1544488463     -1.3391165544     4.8354536257   110.3428484583     -3.1001462922     4.2796728669   114.6699342698     14.3988058524    -9.5211474396    43.4512823627     -1.0634351359     4.0525087652   110.3928217976
   6.2     1.3834673560     0.4842624560   112.9867398153     -0.1873804130     2.9430671005   113.8711761290      1.0186557150     0.7929553528   113.1768196271     14.7321390923    -8.0400921025    53.4010794327      0.2080764788     1.9501216648   113.9799214349
   6.2    -1.4029526836     7.4867933829   116.3870837253     -1.0418830101     5.5307864073   117.2886834422     -1.2076006539     6.9458607325   116.1988858509     14.7661422731    -6.0668675038    64.0733373795     -0.6778228857     4.9956093276   117.1165366772
   6.2    -5.7277249676    -5.0715854536   150.9438866294     -3.8148692241     0.4135628181   135.8047925037     -5.3633435512    -4.0795891082   147.6215445927     14.4765707934    -5.3181119423    76.8088109961     -3.5489557133    -0.8241986564   137.6928079903
   6.3     8.8855166062     2.4983489020   103.1600912159      2.7437679040     1.2662519521   120.9334028767      7.8040547451     1.9906345852   106.5344526544     14.3948410844    -5.3791568762    80.8316293866      3.3246100019     0.5423720980   120.5195112988
   6.3     0.3103131005    -1.0551231948   134.9179441986      1.2901724985     0.5859653668   129.4360561267      0.9308340009    -0.8046430190   132.7686775787     14.1393331957    -4.1355343875    88.8973803255      1.6680742933    -0.2376968213   130.0854210625
   6.4     0.3997648290    -1.8958153082   140.1859402129      0.6483304180    -0.1604334101   135.7054649381      0.4428219078    -1.8073713680   139.5776112799     13.6657046448    -3.1226297053    96.2636953433      0.9700653752    -1.0414134721   136.8776974121
   6.4    -4.8478085677    -2.0461229889   148.8668788727     -2.4207424271    -0.7234474222   142.7473182881     -4.4160381235    -2.0265532411   148.2425522473     12.7022138361    -3.1407452094   102.1379716416     -2.2398878868    -1.5806361675   144.2685553512
   6.4     6.1737057609     3.6469602305   119.5016940106      1.9845536360     1.8075256475   131.7955611256      5.3363460284     3.1947167888   122.0318106639     12.5282311322    -2.0180313432   104.5034732472      2.4265861512     1.3523817078   131.7031459325
   6.5     0.2857824796    -0.6135011025   144.1253910750      0.9211722312     1.2438983459   138.6549634834      0.7015171699    -0.3012270895   142.3558118744     12.0733157662    -0.8552181467   109.9349066354      1.2331179263     0.5247435332   139.5873597771
   6.5    -0.0762498670     1.2207727725   141.4627320768      0.2481155695     1.6076005535   140.0379399187     -0.0134895098     1.0979739337   141.5309987724     11.4586379229    -0.6553694875   113.2234924164      0.5085671469     0.9461733732   140.9652766867
   6.6    -0.8074112494    -0.0069569699   146.5550083140     -0.4574309593     1.1577453301   143.3773768810     -0.7429284765     0.0828066080   146.1475803045     10.8795130018    -0.3923269534   117.1354666520     -0.2135015110     0.4331116688   144.5597861785
   6.6    -0.1529160100     1.0706477745   143.9249316571     -0.4413766323     1.4663257149   143.4669831474     -0.2006674620     0.9907104618   144.1030152585     10.3454354689    -0.1327126631   120.0017236281     -0.1764209784     0.8118054599   144.4528614747
   6.6    -0.5975910425     0.3682590261   146.4192456033     -0.6675038407     1.2390320464   144.6096231747     -0.5654604591     0.4186515484   146.2319341729      9.7926724354    -0.1483986618   122.7222021215     -0.4096749629     0.5600353077   145.6883007228
   6.7    -0.1671064743     1.2397347572   142.7797710570     -0.5436235112     1.5598003921   142.7927238648     -0.1994400876     1.1730962520   143.0576790197      9.2466494604    -0.4341607298   123.8852574780     -0.2870224288     0.9374705252   143.6951841287
   6.7     0.3000650831    -0.6350203194   140.2682051253     -0.2125092803     0.6405819525   138.9725194549      0.2595348710    -0.4882898301   140.5083411617      8.6907611472    -1.4845298874   120.4398981967      0.0348039984    -0.0737895764   140.0173074475
   6.8     2.3710884252     0.0767129927   127.6398195570      1.0494865487     0.3614195523   130.6523157653      2.2002111762     0.0309450847   128.7066529584      8.2588127618    -2.6835270373   115.4843364217      1.3192107108    -0.2667702703   131.2300669576
   6.8     1.2918361609    -1.2648281648   124.9533172608      1.0822828898    -0.3819469004   124.6588404378      1.3640958967    -1.1618372195   125.2644667604      7.7210444511    -3.6467895516   109.4303488151      1.3075771221    -1.0411695941   125.1984495520
   6.8     0.2427293052    -1.4774576671   122.2245915856      0.5394074573    -0.7105325046   120.8668138858      0.3346527882    -1.4515902925   122.4646128494      7.1326117318    -4.2283893945   104.8537748639      0.7207286342    -1.3621923636   121.3783822214
   6.9    -0.4791561475     1.9449781068   113.3224747018     -0.1496809852     0.8405005559   114.2177353853     -0.4131506493     1.6693797485   113.9672434340      6.4188291029    -4.5091359424    98.9100430032      0.0133295530     0.4232981309   114.2773880856
   6.9    -0.1385560281    -0.1385564332   109.9007471019     -0.2339483775     0.6560140443   109.8480352518     -0.1607581430     0.0075622087   110.2559972571      5.7314937078    -4.8199772282    94.9726392632     -0.0504958516     0.1091868623   109.8844525913
   7.0    -1.0587048097     1.1330417989   107.2932780425     -0.8155755084     1.3107978264   106.9043865326     -0.9877995773     1.0441402956   107.5253557497      4.9862671677    -4.6735591306    92.2463771366     -0.6394812134     0.7853225767   106.8704970998
   7.0     0.7269946604     4.2169425848   100.6715500255      0.0574938069     5.0697881333   101.9974379061      0.5932304987     3.9694093030   101.2224452208      4.8093679798    -0.7543794883    89.6948841681      0.2743831842     4.4749497861   101.7714915099
   7.0     2.6647179392     7.6613065596    97.6016590783      2.0833554678     8.8141019959    98.5057180878      2.4902855380     7.3495327420    97.9358356532      6.2872876462     3.7646150854    86.4503124872      2.3229207106     8.1637785610    98.1104502333
   7.1     7.9366121873    12.8551918040    98.4857081677      7.4933441013    13.5878152892    98.1417199330      7.4994587196    12.4071388083    98.4413272597     11.2288623705     8.8383227931    86.3544650411      7.7263784017    12.9697732105    97.6569591952
   7.1    13.7025033813    18.4054355381   100.7422813056     13.0727279455    18.7456418773   100.6971871614     13.1929610644    17.8980931223   100.6037534828     16.2112110106    13.9496219645    90.8231396110     13.3065956674    18.1968846939   100.1909556099
   7.2    10.6827608835    19.0916087628   129.6067417289     13.2460856918    21.6212519422   115.1391061618     10.8928015397    18.9926500799   126.7762549700     19.0160999232    18.6303479915    94.2949863826     13.3316064683    20.8465003764   115.8530315225
   7.2    17.5133051877    26.9728278428   111.1766813014     17.0821322282    26.2388458765   112.0545813319     16.9940157137    26.3157788756   112.2650695538     22.2139824866    21.9267654953    93.1895059726     17.2308149855    25.7693697696   112.0246124032
   7.3    22.2120665962    31.1820773931   106.0586642010     21.9884666380    30.0635687153   106.2160778137     21.7807502580    30.7622555688   106.5294520939     26.6161526559    24.1094760946    87.9737988697     22.1544169386    29.7739654822   105.8251847251
   7.3    38.3722802292    32.5521717708    93.5157697904     33.7863173674    30.6441223830   103.5836976728     37.0769292254    32.3871174551    94.2886963906     33.4997465824    22.5356488763   106.7346510815     34.1490223954    30.5299734396   102.5046574976
   7.3    49.3431605297    32.8910847586   101.9378001689     45.1923747885    31.7726091552   110.3027911709     48.3643630117    32.8424207434   101.2785702104     40.5223991006    22.1823652267   129.4532645169     45.5906782543    31.6400143042   109.1724093103
   7.4    55.8862010221    38.8107694168   119.4185043734     54.0714927746    35.8738664262   120.8686532835     55.3151955481    38.2700299500   117.9330540431     47.5057637190    23.3451886017   141.5350233114     54.3519505865    35.9478056564   120.1835175477
   7.4    65.0227137416    32.5907013730   106.7641913804     62.7432943432    34.3744618518   113.0135765170     64.2383477852    33.2016035441   107.9704160543     53.8136083970    22.8125382197   137.7797526290     62.9748965905    33.9763023347   112.1978891807
   7.5    70.6958268363    56.4776223134   116.0917203765     68.5767650906    45.2539728711   113.1141870704     70.3305180371    54.2117892203   114.5934439137     57.7031415000    23.8702744631   133.3227527562     68.7597731105    46.2120745691   113.2354977977
   7.5    77.7444945043    42.2268015423    95.3452465970     74.7570746651    44.4744308861   105.0686607154     77.1465704761    43.7570589951    97.7107445440     61.5234910443    24.4234100334   130.8037899944     74.9225887981    44.3863335406   104.5462185531
   7.5    78.8024942523    23.5440763862    84.1084122641     78.5857399643    34.8692866573    95.0639639521     78.7284594028    25.2969494744    85.1893644984     65.5527830933    24.2998652344   127.8274126266     78.6109377745    33.2148834920    93.4392457770
   7.6    84.9288232053    75.3569891451   111.9409146413     81.4899043751    54.1571401610   101.0409445244     84.7067278230    67.8367195802   105.6640052545     65.1943966115    26.2968280719   124.1346989478     81.5732783339    55.7976863865   102.3227778734
   7.6    83.3246402365    56.3928419493    96.1261948202     81.7767189747    54.1806624196    97.7835386024     83.4482270202    57.1607186788    96.7436101734     63.6630836867    25.3811451779   120.5151425360     81.8149416191    54.8489601688    98.3248673545
   7.7    80.3736606667    27.9571019311    72.2471843864     80.4377469598    39.0641454122    84.0634582412     80.6938963727    29.5991777186    73.5097532568     61.0178165349    21.2477093661   114.2569502168     80.3696837948    37.6938824479    82.8012376438
   7.7    68.2350092534    21.1281085344    83.6749824140     73.5787390989    26.9889897225    80.8456349479     69.1894298277    21.4225622177    82.9103105323     58.5281007664    14.7191508653    98.4744647368     73.1544981988    25.4253650696    79.9406704801
   7.7    57.8780517041     2.2827256215    68.6716100808     62.7143555689    14.6353724974    74.9513708575     58.8959146998     3.3661800696    69.2224099993     53.3689705834    13.2961032830    91.6757846757     62.2747970191    12.2845567516    73.1017285334
   7.8    46.4857204472    -4.6228089326    83.0145123814     51.7021598274     5.0566165592    79.2920432039     47.5034753396    -4.1273717843    81.1907941528     48.1854160033    11.3820219970    92.4616361199     51.3069155944     2.7642262810    77.7549570589
   7.8    45.0973996037    -4.6380931407    84.9472903417     48.3377111413     0.4491795149    80.2101763604     45.2904952166    -4.5987408970    84.6400078683     48.4707195068    10.7125315763    89.0885491390     48.0686633962    -1.2870722857    79.0814298751
   7.9    52.5716353602    -1.3792064871    76.6162624348     52.3046938280    -0.3417195161    77.7521680981     51.9829204248    -1.6790862586    77.0961153211     52.2876652515    10.6579845014    88.4586961438     52.2789094624    -1.3475262210    76.6302313738
   7.9    59.2054850124    -2.6374827353    63.3573983016     57.0482826486    -1.4087166194    70.2735510319     58.6268077117    -2.5463572323    64.4183742377     54.9842274713    10.3459167505    88.0641098723     57.2115950133    -2.0759652511    68.8970523755
   7.9    59.9662562011    -2.2789544104    60.9733462498     58.2778728658    -1.7787667234    66.0390832774     59.8580786875    -2.3013510578    61.2416515952     54.7755137079     9.6615946382    87.6457901881     58.4902409427    -2.1776249394    64.8937812086
   8.0    56.3318435877    -2.2594476140    65.7773813226     56.3059778952    -1.9435188570    66.7018177654     56.6190055585    -2.2625639290    65.3906382483     53.0925120766     8.8278604529    86.9938562977     56.4571883683    -2.1923466842    65.9276438006
   8.0    53.2963540795    -1.9552069096    71.3793357320     54.2128507992    -1.8929408080    69.2012697388     53.5654035169    -1.9782740082    70.8888930235     52.2109792420     8.1775876866    85.5838812267     54.2961399277    -2.0464934356    68.7521754938
   8.1    53.6667335195    -2.1262456738    71.8626862909     54.1180395451    -1.9749237985    70.6702939135     53.6585293393    -2.1142287463    71.7830215930     52.7980169536     7.7153571176    84.9169538265     54.1977139892    -2.0994734293    70.2726698373
   8.1    55.7034769408    -2.1803106482    68.3877552028     55.2884998317    -2.0473585373    69.5289644850     55.5382791903    -2.1747188301    68.6567939853     53.7453505544     7.3064834361    84.2292433124     55.4071651073    -2.1559293376    69.0459111640
